7.607958975610896232e+03,8.519221731006836080e+02
8.265996673191939408e+03,3.887957382987691517e+02
7.498721735098539284e+03,1.591964558843644681e+03
8.264935172685487487e+03,2.324445344964394735e+03
8.862373418301163838e+03,5.224347909140467436e+02
9.386515671103597924e+03,4.042034452868878816e+03
9.438860719225905996e+03,1.797649667757603083e+03
4.525104026310693371e+03,5.111731099973057098e+03
6.928374750253945422e+03,2.836456976622221646e+03
7.949708365416318884e+03,2.277250670270686442e+03
8.206764715494700795e+03,1.573043219400386988e+03
8.211775959202117519e+03,4.363309879940390601e+03
7.255503550232388989e+03,2.241284532064222731e+03
4.804968861186393042e+03,5.061977874404943577e+03
7.438287436569244164e+03,1.707993038579563063e+03
6.809633511464933690e+03,2.218667234904058660e+03
7.341210925260728800e+03,1.525891447992505618e+02
8.617394260033477622e+03,3.423695885865343826e+03
4.703333345120562626e+03,1.452309101513018732e+03
7.086328811088909788e+03,2.587953954225929010e+03
6.884546934755934672e+03,1.178840743430386510e+03
9.292471332856837762e+03,1.988758302606970119e+03
8.003786595215056877e+03,3.598270952532195224e+03
5.386531150778891060e+03,4.120611516712626326e+03
4.576062376071683502e+03,5.659612632854515141e+03
7.665657911842842623e+03,4.178900753673426152e+03
1.154135002817807390e+03,3.539849435247769634e+03
5.427114627017235762e+03,5.970276508210127986e+02
2.821456222198255546e+03,4.931061549686295621e+03
6.817015990231990145e+03,1.822572771141843532e+03
1.283140446448381908e+02,5.776104797572851339e+02
9.056081369059131248e+03,2.722325134873933166e+03
9.636483742140204413e+03,1.301864457494519456e+03
7.912858955161952508e+03,2.177949323472283140e+03
8.663201404409192037e+03,6.800723509341390809e+02
6.461557638663070975e+03,1.714778651563964104e+03
7.346374871182908464e+03,2.170608576178179192e+03
8.522112154472424663e+03,1.426929030766424603e+03
9.051675810777658626e+03,3.777846948303155727e+02
9.129400028023201230e+03,4.329414593772852413e+02
8.554324943046272892e+03,3.055748150133644231e+03
6.938594318211817153e+03,2.472467794519164272e+03
8.323223751312903914e+03,4.699147370673238584e+03
6.989149577636456343e+03,1.736329856606502062e+03
4.913116779374811813e+03,6.792422543140925200e+02
9.540210857115402177e+03,4.398070041504352048e+03
8.565675611509064765e+03,2.796877158738638173e+03
7.104347801918296682e+03,4.092935513876925597e+03
4.763395364216142298e+03,2.721159234732810432e+02
2.168724213596326535e+03,1.124389448739496174e+03
7.025918606869764517e+03,-3.874731622198040668e+02
8.641214055057535006e+03,5.737444514319860900e+03
8.239848950153320402e+03,3.313050016926909848e+03
4.933782978614101921e+03,-1.479049980135500846e+03
7.144118008289524369e+03,1.080263967994734230e+03
5.424443163360388098e+03,2.418308202628847710e+02
5.863898816876224373e+03,4.262863121770421458e+03
8.515252435351065287e+03,3.318697147731299992e+03
5.642550544234914014e+03,-2.409002977690069201e+03
7.060507038412559268e+03,2.816814992084368896e+03
6.263896870736574783e+03,-2.504080871493718405e+03
7.462400256462692596e+03,-9.028563918935552124e+01
7.213802937884314815e+03,1.912461903119032741e+03
6.463770209015686305e+03,4.013384224997935235e+03
6.174156586852203873e+03,9.518818761731341738e+02
3.187879769024896177e+03,-1.951945009611486057e+03
6.163082687234767945e+03,4.402273813479668206e+03
8.231285329541464307e+03,-2.162756942363689348e+02
8.148716368270575913e+03,-3.654360916701413657e+02
7.974441873880161438e+03,2.133850927358571880e+03
7.434269855811240632e+03,-3.413899435641514657e+01
7.117884199080750477e+03,-1.008996564955319172e+03
7.129992740307057829e+03,-1.311865869298427754e+02
7.505796978371664409e+03,-1.325139549885903534e+03
6.418193936451704758e+03,-2.622018622501243499e+03
5.708808608729789739e+03,2.543927138490301786e+03
7.055846867241084510e+03,-1.180561516544669757e+03
6.669597947362899504e+03,-5.141586018848221329e+02
7.417912400856284876e+03,2.775602661722275570e+03
7.793471246403533769e+03,2.748326836310071940e+03
6.460747564570393479e+03,-1.766766340436208566e+03
7.849916980003703429e+03,-6.019968675528713220e+02
6.924200941918892568e+03,-1.816361571201444121e+03
8.816806574455906230e+03,7.530404178901439991e+02
6.926001454463296795e+03,-1.265471316100573631e+03
8.218301633428465720e+03,4.131267571623985532e+03
6.571549077292115726e+03,-3.049081066154538803e+03
6.129763453609933094e+03,-2.725235547144596694e+03
7.428866077107020828e+03,-2.760872003462436055e+02
3.958022897957977875e+03,-6.666913014861229385e+02
5.882137036978183460e+03,-1.122433209700300722e+03
5.558699953682800697e+03,2.919623349361327200e+03
6.811469821361280083e+03,-1.316444632592237440e+03
6.551271157297351238e+03,-2.369968573270811703e+03
5.938390273157889169e+03,-1.431210977522409621e+03
5.312874007630686719e+03,5.005830118551933083e+03
6.398378029888775018e+03,-2.329639084726180954e+03
4.861247655319257319e+03,1.846604089677208322e+03
4.561214692206885047e+03,-3.962594328337623210e+03
7.586355125862125533e+03,3.167584908413025460e+03
-2.585581916779673065e+03,-1.753836418899258433e+03
-1.474258931449962347e+03,8.184066137194768089e+02
-1.000340165590299534e+03,1.042872390555528682e+03
-9.404043327974104614e+02,8.397602277965725079e+02
-2.831345419346870131e+03,-1.686740110604227084e+03
-1.287401350920038965e+02,-1.688291238137383743e+03
-7.917331820473318658e+02,-4.020335871605248599e+02
-1.802880791375598164e+03,-1.778815154553773482e+03
-1.771867027387086182e+03,-4.592529824167868355e+02
-9.902804746571854366e+02,-5.772712661136143453e+01
-6.361442284718511928e+02,-2.728334353934497614e+01
-1.805068795133837966e+03,-1.512929985076640605e+03
-2.466807545523941826e+03,-1.822177224656961243e+03
-2.701342853859484876e+03,-9.202770237105133901e+02
-5.761751646068856871e+02,2.537006661081483685e+02
-1.564961191445924214e+03,1.375739156700267813e+03
-2.171964633468918692e+03,-1.867869013786281585e+03
-8.004556523129738252e+02,-5.962215697001362287e+02
-1.559872910653225063e+03,-2.131048803991624936e+03
-7.979635075212074753e+02,-2.335830753667939348e+02
-9.786698532848582772e+02,-6.140580673975347281e+02
-2.547081537039073737e+03,1.507066007289535719e+03
-8.884266306869919845e+02,3.143093556039048408e+01
-1.369657815539175544e+03,-2.290734786864818204e+02
-2.710487642088045959e+03,-1.707594430629461840e+03
-1.345954118585369997e+03,1.185271431004471424e+03
-1.439486466996658464e+03,1.279665793595999276e+03
-2.907038715992879133e+03,-1.767102000342942574e+03
-1.347829229055304950e+03,-2.069988962035897202e+03
-1.225442834933212907e+03,-2.773467598121939659e+02
-9.067435357165425103e+02,-9.847026098105892800e+01
-4.319977673130930270e+03,-4.019954257924204626e+02
-9.179129798342012236e+02,-3.608353499620442335e+02
-1.851664004848506465e+03,1.310133585149698320e+03
-1.165881697724836386e+03,-5.084324476769814396e+02
-1.593840082245254507e+03,-9.614498066658458129e+02
-5.349043592508597840e+02,2.684201619227388846e+02
-1.355989751244063427e+03,-2.094889290388014302e+01
-1.561288083760978225e+03,-6.046373321046075944e+02
-1.621446031475060181e+03,-1.628867710795188714e+03
-9.084020316930558465e+02,-4.394601812101148539e+02
-2.484949708319909860e+03,-1.400221736565573792e+03
-2.632150585285535271e+03,-1.420403182264109319e+03
-2.796674883397069607e+03,-1.748701659747950544e+03
-1.761362503849731638e+03,-2.104940234518029683e+03
-2.680012375070564303e+03,-1.658050298968893685e+03
-1.425445299870689723e+03,1.539487541239195934e+03
-4.894581790668694339e+02,-3.204845700867443838e+02
-6.391417421238552379e+02,8.426177991831046938e+02
-1.348415591252065269e+03,9.137607146855432347e+02
-1.674131956647482184e+03,-1.999223161024239062e+03
-5.827385489766132878e+02,2.988856380708571123e+02
-1.526237605640881839e+03,9.659616580663429204e+02
-8.772040330480817829e+02,-3.578418406471163138e+01
-1.890048151416030578e+03,-1.263917186122855810e+03
-2.237948501339754785e+03,-2.096601462295391229e+03
-1.584627452865705891e+03,-1.957805155241378998e+03
-7.437085121866311965e+02,1.938779702609355411e+02
-8.460418218474640071e+02,-1.941135748184991598e+02
-2.388335389437782851e+03,-1.282098436509586008e+03
-2.159592498001554759e+03,-2.773656416185183389e+02
-3.561053099402576549e+02,-7.434894987032132008e+01
-2.153423822260692759e+03,-2.341528479654874900e+03
-6.814704673444205127e+02,-1.071063085335842260e+02
-3.458246146892627621e+03,-2.757155372487380191e+03
-2.006019577853800229e+03,-1.760516193551073684e+03
-2.205572800982376066e+03,-2.163404064618753182e+03
-2.876204608656491018e+03,-2.115858662919655217e+03
-1.895262518238745770e+03,-9.937283489210927883e+02
-3.738929581517043971e+03,-3.176318405920483201e+03
-3.258582736340124939e+03,-2.645150512956549392e+03
-1.743641606358945864e+03,-8.436312105275368367e+02
-1.076147751274334041e+03,-4.972339028989076724e+02
-2.401335150922281173e+03,-2.047904349647663594e+03
-1.279930292723434377e+03,-3.139038305658371542e+02
-9.927324452187647239e+02,-9.499954998379359949e+02
-2.669824031567609381e+03,-1.598559370570508008e+03
-2.787685353224502251e+03,-2.507057934935178309e+03
-2.679829335399236243e+03,-2.137720778625512594e+03
-1.780017479399129797e+03,6.014869038674141422e+01
-2.861955583461749939e+03,-1.940306596202489800e+03
-8.238614658784830453e+02,6.267485913559220307e+02
-2.254459218050596064e+03,-2.593223804432305769e+03
-1.048302993220170947e+03,7.554069701167331914e+02
-1.580657902685379668e+03,-1.207588819811444125e+02
-2.867436723182843252e+03,-1.832472717369876591e+03
-1.235395920046878473e+03,2.584191802659749371e+01
-6.952873565559833651e+02,-7.969426789894004060e+02
-2.973827443621659768e+03,-1.849934295029108625e+03
-2.114011992671568350e+03,-1.815064140184722419e+03
-6.394874136659655051e+02,3.917837289530002636e+02
-2.965254949043238412e+03,-2.042655857347045185e+03
-1.399286533712429218e+03,1.190277057429206479e+03
-2.352330330975111337e+03,-1.969677636678433373e+03
-1.601317927933260535e+03,-1.995781113080368641e+03
-1.506216253986054198e+03,-2.163801304947189692e+03
-9.193953818158181548e+02,1.346974801026105979e+03
-1.223614650735080431e+03,-2.092330284049864531e+03
-1.552622084811023797e+03,-1.887432803932295656e+03
-3.247530751760441490e+03,-2.404011815807143648e+03
2.029975210140826903e+03,-1.160728687586690967e+03
-2.143131701090202569e+03,1.659108874417791185e+03
-1.593000802896403059e+02,-4.909474550710842777e+03
-4.705206062459241366e+03,-4.979290531330960903e+02
-9.721063286923417763e+02,-1.599757857835717004e+03
5.025052787913936299e+03,-2.826924587684032417e+02
-5.234238929015164103e+02,2.036365174632670914e+03
4.266666184441209566e+02,-4.873292569467217618e+03
-4.345053116337332540e+03,-4.373772787338966737e+02
-8.370850396752930465e+02,-2.876437833283998316e+03
-1.929195148931856238e+03,-2.209372435282717561e+03
-1.018277453062672862e+03,-3.750341334005102453e+03
1.069938196106700161e+03,-5.765882577823830616e+03
-7.050802161929226486e+02,-3.857206284731493270e+03
3.794342800520128094e+03,3.852978541568403443e+02
-1.097068083597946725e+03,-8.106904966198740112e+02
2.321292498243628870e+03,-4.238133596636273978e+03
-9.464941489573278659e+02,-2.977135223987577774e+03
-1.312375113002756279e+03,-1.734820093969232403e+03
-2.284752442795052616e+02,-1.770415386099337184e+03
4.420685310863309496e+03,-2.745614383992102830e+03
-4.000423925633664908e+02,-2.245616397413593404e+03
3.720769135737615215e+03,-2.076243762523562964e+03
-2.030856554896944999e+03,-1.457063841386421473e+03
4.622560368954914338e+03,-2.661000075728713909e+03
-3.847785048043126039e+02,-2.049402159132122051e+03
-3.803631605778083667e+03,1.115084063447211747e+03
5.032506723509166477e+03,-2.687479845045186266e+03
1.868139671875301019e+03,-2.532973787800124228e+03
4.275581221872760580e+03,-2.750813834151816536e+03
-1.883505640571904678e+03,-2.373418787844133931e+03
3.059488037978434477e+03,-2.477700489048758755e+03
3.517176091729414111e+03,-2.200242770844608003e+03
4.829039979629982554e+03,-2.565869653363010912e+03
-4.866416142238642237e+02,-1.033081128764666119e+03
2.394313553117330684e+03,-1.598568673223457608e+03
4.159302305820508991e+03,-2.803597811265856762e+03
9.026286319413941328e+02,-1.376252451475555290e+03
3.688754433974268977e+03,-2.651516864275947682e+03
4.207889783432176955e+03,-2.803335409996692761e+03
-1.681775473548878836e+03,-1.818776377894594816e+03
4.912912764915306070e+03,-3.483252745150414739e+03
-2.914210357708953438e+02,-5.691645993829706640e+02
-1.188497309653790353e+03,-2.270012100797590392e+03
-1.833102755350098079e+01,1.788587099381428970e+03
-2.273722179546440202e+03,1.987137311677579874e+03
1.694638699665346167e+03,-2.429674129120590806e+03
2.992444139233111400e+03,-3.209879300661303660e+03
-1.616743138662337515e+03,-2.904071688271285439e+02
-2.118474636735552849e+03,-2.262891994204509274e+02
3.530503370505965904e+03,-3.529239113081602682e+03
9.690047465156068256e+02,-4.055317326455424791e+03
2.281064137077856685e+03,-3.965191088291827782e+03
-4.326421849249350998e+03,-1.040039516572134289e+03
4.682762404195526869e+03,-2.849514620010127146e+03
4.114735425164085427e+03,-3.427664127119976001e+03
3.335981584574214139e+03,-2.969489987625262074e+03
-3.323737191316023427e+02,1.527637607767073632e+03
3.988721933465118582e+03,-3.579994116581852722e+03
-4.524567127476906307e+02,-5.400496066161783801e+02
-2.405298602327819481e+03,-1.808477012367905445e+03
-7.050480275156226071e+02,3.204568914011676043e+03
-1.703147981029929497e+03,-2.876573382379880854e+02
3.541678329042374571e+03,-4.305318208490735742e+03
2.236892853810980341e+03,-3.505687886184973195e+03
2.915005145823361090e+03,-2.285993259631953151e+03
-9.824233197775024564e+02,-1.662793383085607957e+03
-3.351542559646979498e+03,1.809450333810187885e+03
1.093371440793856209e+03,-3.524125917793384815e+03
-3.651070060133458355e+03,2.128881113107858880e+02
1.604261562755156319e+03,-1.295180852442789728e+03
-1.119726638088581012e+03,-4.115080847431171378e+02
1.747106909503659836e+03,-2.464263709469470882e+02
-2.846500679420154938e+03,-1.979433097437377569e+02
-3.793588084541694911e+02,-5.420433388726303292e+02
-1.327655558116511429e+03,-2.333923270570368004e+03
2.492492155073016875e+03,-2.546393700833109961e+03
-1.365169847471588128e+03,-2.024056383235670410e+03
4.945252525339815293e+03,-2.312437132605598890e+03
3.022492865711721493e+02,-2.636934281401120643e+03
4.354363348620991019e+03,-2.102856030068858217e+03
-9.791337414271483794e+02,-2.622786206207291571e+02
-1.562782434829856129e+03,-7.159661271749499747e+02
-6.106559284705789423e+02,-2.615301600412099674e+02
7.016711706323808357e+02,-3.488879820387407108e+03
-5.701018268927533654e+02,-2.871019166142427366e+03
4.147255534059586353e+03,-2.271926711408411848e+03
-4.359994775534337350e+03,2.100687132675780049e+03
-1.911123683677213421e+03,-5.312132619358619650e+02
-1.587911546538249013e+03,-3.433361393276233571e+02
-2.896604091254235755e+03,-1.315470493463726143e+03
4.918899209808729211e+03,-2.346453148781604341e+03
2.954516232027570823e+03,-5.395660148578236658e+03
3.932333430169960593e+03,-4.100041903444468517e+03
3.257945361843338560e+03,-2.898945415721399058e+03
4.447485551590800242e+03,-3.030080045497168157e+03
-9.078861721480953975e+02,-1.525642284425957996e+03
-1.253664094420013726e+03,-4.514986066104635938e+03
4.471338240263218722e+03,-3.606291880878950906e+03
4.349638557136913732e+03,-3.414648822851753721e+03
1.544190389556860282e+03,-3.497290864862484796e+03
8.289573427302560731e+02,-1.771900693784336909e+03
1.026796069118653350e+03,3.883471091907940149e+02
2.058414450233575735e+03,-3.290019450447860891e+03
-1.120466163045491157e+03,2.945784385035894957e+03
-2.802525322101414531e+02,9.260505987031148578e+00
5.034421595226581871e+02,-2.919186947328939368e+03
1.510540038797767011e+03,-9.947300705879584939e+02
5.463755512948679005e+00,-1.177179945453910648e+02
-7.363043892208918351e+02,2.865184817096842380e+03
7.028275387768760538e+02,-2.296043899677785873e+02
2.330837307318836793e+03,-4.454864027778447053e+03
2.693857410969372950e+02,-3.579220735419986795e+03
-7.130208159175882656e+02,-1.397659652511938702e+03
2.640904609554547278e+03,-4.494178361643612334e+03
1.994717717331056690e+02,1.303370897374462629e+03
-4.182125725294373808e+01,-6.106190712582416609e+02
2.843332038350971743e+03,-4.046633754056189900e+03
5.545500256327006809e+02,-3.696493876673361683e+03
-1.998440057296907071e+03,-2.878757571398776690e+03
-8.172597484703917416e+02,-1.123797098214608923e+02
-5.343233998391485784e+02,-3.675506055684256808e+03
-1.871201280194488390e+03,-2.561621130070594063e+03
2.271825083678269493e+03,-3.372520839953087943e+03
-2.164814065576965731e+03,1.638454396473414135e+03
2.145708443989507032e+03,-4.349201176912435585e+03
3.878871684597907006e+03,-3.701524612505768346e+03
-2.608084701342752396e+03,1.549170654191682615e+03
1.596149258184223982e+03,-4.584866538853400471e+02
2.343644572746974518e+03,-4.814449399589256245e+03
1.173891791966667597e+03,-4.195946436083463595e+03
2.261240888465860735e+03,-4.795971851844642515e+03
1.815261790606132536e+03,-3.012496536981268036e+03
-1.512552534899852219e+02,3.281312454550668463e+02
1.787752798732506790e+03,-4.191739282842469038e+03
2.291253620300880812e+03,-4.007222400175660368e+03
2.105691892951411319e+03,-1.005309898126368239e+03
2.261464854064950941e+03,-4.538064650406166948e+03
-6.893744328262193903e+02,-5.783288378960086220e+02
1.200078628265658153e+03,-4.049045568151689167e+03
-6.718483386323356399e+02,-1.012032899734025705e+03
1.676623112465387521e+03,-4.654363698282611040e+03
5.314899699670497739e+02,-3.442384955377996448e+03
2.626638968641381780e+03,-4.348800451136135962e+03
4.641902722293570150e+03,-4.059284305916705762e+03
-2.722588875776179975e+03,2.025790472846656030e+03
9.925354947277179463e+02,-1.931734438626864403e+03
5.707037501379792275e+02,1.747957394511638768e+03
2.406238637848808139e+03,-1.024493022146172962e+03
2.871609970738319134e+03,-2.167324586957657175e+03
-4.346597599799823001e+03,2.331066611614079648e+03
-6.905458507802388795e+02,-5.130757495002429096e+03
-2.181816571134569131e+03,2.027046805877549218e+02
7.462394756192022669e+02,-7.480495364508553848e+02
9.802648801442554714e+02,-4.360506210453479980e+03
1.821147558028824506e+03,-4.843877820387683641e+03
1.603052406701638120e+03,-5.456734262646987190e+03
-1.177082949488131817e+03,-6.796321132249821630e+02
1.839323030830325251e+03,-4.607698327230343239e+03
-1.702940883586927612e+03,-1.525713983361374403e+03
-1.377687717542245309e+03,-3.207052621116329647e+03
5.884340051320443763e+02,-2.201521228941229765e+03
-1.214130687935359219e+03,-1.824000822968697548e+03
4.678548714889968210e+02,-6.037611899637648094e+03
6.988291656640866677e+03,-1.595984741877418855e+02
2.391300981765714823e+03,-3.178010126626806596e+03
2.663224774916539900e+03,-4.200255104790553560e+03
2.446155758916332161e+03,-3.565733874691184610e+03
2.500555452096547469e+03,-4.195409263867565642e+03
3.071313836933996413e+02,1.970629940223095389e+02
-6.635413775708427693e+02,3.733781321314185334e+03
1.804449481052470219e+03,-2.763521154108258997e+03
2.490029345658565035e+03,-3.689586899452049238e+03
-6.378505402400057847e+02,1.082620743795930366e+03
2.407916143238831864e+03,-4.040498437713763906e+03
5.450432990810454612e+02,-1.216989452913586774e+03
2.801271691495479899e+03,-5.032787514995554375e+03
-6.502986752897355700e+02,-6.600785181324055202e+02
2.520477803151959051e+03,-5.058602435754881299e+03
1.627224877584612614e+03,-3.568845894839273114e+03
2.476656443159241462e+03,-4.497076010679082174e+03
1.808777343788468897e+03,-1.423062564382813207e+03
1.702863829030827105e+02,1.487525468224231702e+02
-1.927671992681708389e+03,-5.508742649503170696e+02
1.836355712225842581e+03,-1.399381840050793073e+02
4.435168283875069392e+03,-1.561573436492517885e+03
3.254404448219044752e+03,-3.968402456921363864e+03
-1.916570541771922308e+03,1.126869958826845135e+02
3.997262391703696380e+02,4.696205090449638192e+03
2.070117357571134107e+03,-2.510681344055138652e+03
-2.394993160071115199e+03,1.851725628302858411e+02
2.460122217235065818e+03,-1.840258708972511158e+03
2.747550620344679373e+03,-5.345521453033975376e+02
-2.831687555536290802e+03,2.521419082163137091e+02
1.675013959413569864e+03,-3.275957447064791268e+03
-2.239033042898555777e+03,-2.740287245943095968e+03
2.789085920616400927e+03,-3.494023007508613773e+03
-5.044545989947696398e+02,-5.765425492597285029e+02
-1.519412383292620007e+03,-3.110873372535230374e+03
5.438073473218279105e+03,-4.591700522619373260e+03
-1.858070994266424805e+03,3.113676781759184905e+03
-2.315527546804269150e+03,1.623234225615097785e+03
-1.310189235922596254e+03,7.361412441402657350e+03
-2.993656299964087793e+03,2.044940158779507783e+03
-3.167249424143736633e+03,-8.561738492088489920e+02
-1.992740233089962430e+03,6.154812834959256179e+03
-2.498136837202847346e+03,4.563520686053743702e+03
-3.481083348401372405e+03,-1.414975523489640182e+03
2.116680437379878185e+03,3.571242367341199042e+03
-1.850965807214488905e+03,3.032354097579196605e+03
-1.199103885047057929e+03,4.563985926572617245e+03
-2.409202250351301245e+03,3.421269287840527340e+03
-1.701837172135999253e+03,1.562847727455713084e+03
-3.196732897654559565e+03,1.249252614493518422e+03
-3.025206457495570248e+03,1.342453592572741627e+03
-1.670542838755068260e+03,4.019243961123038389e+03
-2.508870422861798033e+03,2.283058754943111524e+02
-3.575476873047140998e+03,-4.607047067893414010e+02
-1.878359846862498671e+03,6.629748423932033802e+03
-2.678478912927305828e+03,1.936416039076541892e+03
-1.894863290103240843e+03,4.770799410093718507e+03
-1.465236411049026628e+03,3.708024888722696232e+03
-1.698278985695604206e+03,6.766804578043382207e+03
-2.021391547255637533e+03,4.463624110074948476e+03
-2.084350459582479289e+03,3.797953010059607095e+03
-2.316871107356573248e+03,2.963747804777654892e+03
-4.213381674305442175e+03,3.531192067404257614e+03
-1.212599209063366516e+03,3.544100753186003203e+03
-2.018482326812503061e+03,3.765361939742575942e+03
-1.965593784214282095e+03,2.282889827011845682e+03
-2.502277679156659360e+03,6.277903209688813149e+03
-1.734564220947188915e+03,3.809926217229314261e+03
-1.129830662270943094e+03,4.201269997601079012e+03
-2.582896573184643330e+03,3.357041274762541889e+03
-2.474163966304931364e+03,2.955752975604449148e+03
-1.858889495657353109e+03,4.302039972749225853e+03
-2.829695188314493862e+03,1.961030522480520631e+03
-3.001372375340462440e+03,1.996904520144704065e+03
-2.671340337930304031e+03,1.171282690497331942e+03
-2.414392137118546088e+03,3.903775896864389779e+03
-3.091953699960131416e+03,3.090659646959392376e+03
-2.727948750942024162e+03,1.863086462493385170e+03
-2.397869105945370848e+03,1.141198633039449760e+03
-1.613477874923324407e+03,6.122316267811666876e+03
-1.797842889082740612e+03,3.820705761576086388e+03
-2.821499910577947958e+03,8.503737391338075895e+02
-2.398783976117721977e+03,2.700866841546267096e+03
2.016523527691985294e+02,1.396830140357260007e+03
-2.033962819154490035e+03,4.422280934510479710e+03
-1.590565649868247192e+03,3.514763574344844528e+03
-3.017244310150306774e+03,4.348828569175855591e+03
-4.355262264447724192e+02,2.687757988942977136e+03
-1.610503189191758111e+03,9.964929624365655627e+02
-2.916194088521338927e+03,2.220288463969403892e+03
-1.731843544618624264e+03,4.518933076521939256e+03
-3.007520141410213000e+03,1.443630719713074313e+03
-3.003504190222512079e+03,4.161378952338333875e+03
-1.381859301529674894e+03,2.199151164703177074e+03
-3.541623329735323750e+03,1.245020438009021063e+03
-2.922553096383348475e+03,-8.450887692738124315e+02
-1.640220600789860555e+03,7.825559769491403131e+03
-1.604909492196704150e+03,5.680950990405385710e+03
-2.474103475254250498e+03,-3.825224347950460242e+02
-2.100515285841466721e+03,1.746581273917225190e+03
-3.624749545357094121e+03,-2.623601526180105793e+03
-1.068475474266877654e+03,2.262808192181082632e+03
-5.355063176457819281e+03,2.694890365654085599e+03
-2.365451012633212940e+03,4.184011472316818981e+03
-1.566651446197227870e+03,5.261996607236102136e+03
-1.538771261903366849e+03,5.929375348233555087e+03
-4.869390008907263109e+03,7.810249482272936348e+02
-2.628943323283858263e+03,3.575982497173844877e+03
-1.136999712250109042e+03,6.910377609519053294e+03
-3.065368548849038689e+03,2.854019538820396974e+03
-2.240904091098725530e+03,4.968277166667746314e+03
-5.276924874221188475e+03,2.159722655320150807e+03
9.913644576090529199e+02,2.927560696094810737e+03
-3.300185113632506386e+02,1.818413015774796349e+03
-4.506317137990419724e+03,-4.695818354853072947e+02
-2.218402837921609716e+03,4.952699413054916278e+01
-3.401344886464620231e+03,2.548437738523509779e+03
-1.861937451941455720e+03,5.445538002418083124e+03
-2.024951579928488172e+03,1.796004561424602571e+03
-2.544318011098710485e+03,3.517489086525863968e+03
7.113553708790035444e+02,6.895155908454381461e+03
-3.256099374728431485e+03,3.906800688939066276e+03
-1.468434445712525530e+03,6.926011206620197299e+03
4.286725879328884730e+03,2.933049570633318126e+03
-4.504169818352919719e+03,2.702556875310744545e+03
-4.543828971027377520e+03,2.094954370152068805e+03
-1.534882324808790145e+03,4.884850280711799314e+03
-1.411484203280832844e+03,5.179564242229771480e+03
-4.218824354667777698e+03,2.618803790175331869e+02
-3.803689217291351724e+03,3.533207924584691000e+02
-2.672873845422062118e+02,3.985851681029925658e+03
-2.715792724871732389e+03,5.361253657620995909e+03
-1.786710303004796515e+03,5.696396484544520717e+03
-1.452143636335814108e+03,5.441320380106713856e+03
-9.510122895852514375e+02,2.775108856403266600e+03
-2.778792822382631130e+03,8.823466662231895725e+02
5.835945339835744790e+02,-2.737556937677979477e+03
-1.273748232910181287e+03,-5.360108842435706720e+02
-4.329277002201079938e+01,-1.506948111644577239e+03
-5.646055469002550353e+02,-4.073306477787220501e+03
-1.091196458077174839e+03,-1.772860256210875377e+03
1.655460572289871948e+02,1.215423495582793521e+03
-2.331153724833714591e+02,-1.347410350840153569e+03
1.897491076290031970e+03,1.027050815825409416e+02
2.193133116853980766e+02,-1.476022650952087361e+03
-3.567463507919085259e+02,-8.603963228442682976e+02
-7.297010973535130063e+01,-1.657696505799094894e+03
3.289843963214692849e+03,5.601744586368960199e+02
-5.769892602431733053e+01,-1.742350544823082828e+03
1.300118520737219797e+03,-2.601660107783701278e+03
-1.324132071026139329e+03,-3.591248385853723448e+03
1.640304649398314041e+03,-3.246654282246593539e+03
3.410428137098008847e+03,1.670129191967306042e+03
1.106193982998488082e+03,-3.118475938130849954e+03
1.857540461400435277e+02,2.896159708124158669e+02
1.556485204795741083e+03,-2.816983858614994006e+03
2.337558377450422540e+03,3.625553524158128766e+02
2.488278204137614011e+02,3.521459956055235125e+03
8.825170060175140634e+02,-1.499970499003989971e+03
5.345092683036700691e+03,-1.209044835110920985e+03
-1.053460804743437507e+02,3.879233563885554759e+03
5.613275417232464406e+02,2.587385106259943655e+02
1.732482870439592489e+03,-5.319905682897054930e+02
9.744069188341256904e+02,-2.594868644192948523e+03
-1.654485305889029405e+03,6.158562122853707166e+01
-1.267080423378697986e+02,1.524790319980514823e+03
1.410623235863547961e+03,-3.665467108649852435e+03
1.501914357726763001e+03,-3.386531562836659759e+03
1.221759543142628530e+02,-8.701887564394851324e+02
-1.771748189036763733e+03,-3.680128051514486742e+02
7.627173427244346158e+02,-1.216635737925132844e+03
1.445684938244211821e+02,-8.491281266370515368e+02
5.965495627496600264e+02,-2.197033399978580803e+01
-1.381517924165235399e+03,2.594109269581952617e+02
1.956105744801242054e+03,-2.848097452237322159e+03
-1.829497265604997210e+03,-2.195142743793116438e+02
2.287385775381844724e+03,9.943959352773654814e+01
-1.975853667826219180e+03,-3.067936134346782069e+02
7.060486887537555276e+02,-1.126041122862279735e+03
-3.372336601914676635e+02,-6.428181864396244691e+02
-9.036083219391911143e+02,3.080048578989349608e+03
-5.965746680193234397e+02,-3.302561303383355380e+02
1.172248676024198630e+03,-2.897110759848677390e+03
-8.514221330546080253e+02,-4.438979594702766917e+03
3.066071819129037522e+03,-7.671581723855830433e+02
4.026856364082897016e+03,2.240363188883612565e+03
4.176657402946106572e+02,-3.477019055351392581e+03
-1.963634149929935347e+03,5.955206743323687078e+03
9.748229615928070189e+02,-1.340190972677498394e+03
4.458317903111790656e+03,5.634509324875018592e+02
6.278916539826076587e+03,-1.336378162209424772e+03
-5.515833531589138516e+01,2.164663907000219183e+02
3.559578784992944748e+03,-1.410147513549220548e+03
-1.887345999476988823e+02,-9.702151714856713625e+02
-2.324565753325120568e+03,-3.457017329401528059e+03
1.909962644428041131e+03,-2.013193948250027461e+03
3.391414530702399588e+03,1.357535359399060326e+03
3.100464734968235007e+03,-2.173288941856850215e+03
4.064789882011204554e+03,-1.432171457661317845e+03
8.327368591405579537e+02,4.436650092084637436e+03
7.150972974403171634e+01,1.249726324673523408e+02
1.737751212867358390e+03,-1.521076653570045664e+03
2.333067337959955694e+03,-2.655741173638929467e+03
2.981747535994138616e+03,5.780812416709967749e+01
1.119622906276917320e+03,-1.176697332254818775e+03
1.297427005343916107e+03,-2.802260639441085004e+03
-1.681093619125264013e+03,1.264220578486752856e+03
1.559362007252404510e+03,-1.727238002113905168e+03
7.636224931749268308e+02,-1.694486971490591486e+03
2.425093753769805517e+03,-1.045059927229820005e+03
9.301458451692533345e+02,-1.566106279002688325e+03
2.590449535964781262e+03,1.163152177878113434e+03
2.631718626942797528e+03,-2.491022308080172934e+03
1.302752714054219041e+03,-1.657631447652832321e+03
-1.406730868309649338e+02,-1.209042944402204057e+03
1.689459994450083968e+03,1.052371868018723688e+02
4.026247688036596060e+02,-4.652089867393171971e+02
-7.917191893154314357e+02,-4.007207016602102954e+02
-6.681700835985378717e+02,-1.191620921612137181e+03
2.337873689469898181e+03,1.337176486809929884e+03
4.291784626373800506e+02,-1.476703020529480000e+03
2.450537158311487076e+02,3.014331447063124415e+03
-1.622547811325503062e+02,-7.854603411722632700e+02
1.570692117696670266e+03,-7.309061544587872277e+02
2.218020237875862506e+02,-5.382832086918114101e+02
-3.094420577306139535e+02,-4.384582134816713733e+03
3.539947252630776347e+03,1.550627608115745034e+03
8.353312517382094029e+02,-1.557521967743634377e+03
-1.189110072143413618e+03,4.360723718417078089e+03
-1.549878340209707630e+03,-2.289358637434846969e+03
2.162235892909864560e+03,-3.692593463654167863e+03
1.216974002569937170e+02,5.410197782656217669e+02
1.544963697484573458e+03,-4.292673549718597314e+03
2.385677498518538414e+03,-1.693198936330540619e+03
7.243814668783097659e+02,-6.053429888502578251e+02
1.010137709518486758e+03,1.030310986267495309e+03
4.719305891434820296e+03,2.042914907821430006e+03
1.903951573241532287e+03,1.982432379696630278e+03
2.507091399605234074e+03,3.176370412433040656e+03
1.817007428227614128e+03,1.600744779406192720e+03
3.637485175027081823e+03,2.165835031753824751e+03
1.954057227958850490e+03,3.520939284669421454e+02
3.122363779128127135e+03,6.741605699326860304e+02
3.220589709391384986e+03,1.243025535442389582e+03
4.457117965177168116e+03,2.010642323905334251e+03
3.866833682113876876e+03,2.576687711399665659e+03
3.753683483745867306e+03,1.472481773775117517e+03
2.415380764847390310e+03,1.282443390362426271e+03
1.577562890797549016e+03,1.420479591123218142e+03
2.752893751238013920e+03,-3.434175270388985268e+02
2.463632483363068786e+03,1.800946969596192730e+03
3.178522410587804188e+03,1.958674669192474312e+03
3.432536130498729563e+03,1.922159503772985772e+03
3.089082665982402887e+03,1.609014948141329342e+03
1.998176357417520194e+03,4.118355128227231035e+03
1.833151120407678263e+03,2.709060540903720266e+03
2.534460232151354376e+03,4.434865722433666633e+03
4.473076737683382817e+03,3.243156227336693519e+03
3.696943478509779652e+03,3.236143698695908824e+03
4.489794450150982811e+03,5.919878351228099746e+03
-1.099188854920034828e+03,-1.952052396002619389e+03
3.808906570592688695e+03,2.577688729050602433e+03
9.896304004890808983e+02,-1.946110584449972521e+03
1.888497563284684702e+03,2.479680731743963861e+03
4.599312788539832582e+03,3.298134712420118376e+03
2.366872134723829731e+03,4.394111783234175732e+02
4.211830603098360370e+03,2.490287473670206964e+03
5.020027473368280880e+03,3.929693533510583620e+03
2.387372199745789203e+03,3.069196055258314573e+03
4.538313204470110577e+03,3.043759473356643866e+03
6.818103173963886547e+02,2.058965997647493623e+03
3.883148749390824833e+03,2.243011027448263576e+03
1.649913011381420120e+03,1.370733200162080720e+03
3.073785684721186954e+03,2.291372511998285972e+03
1.907102255644764227e+03,1.280220535000572909e+03
3.447710191061084515e+03,2.614344250427558563e+03
3.702644438247190010e+03,2.599491368536135724e+03
3.677694689179679244e+03,1.598394771996686359e+03
-1.277289256742081534e+03,3.941098657023912892e+03
8.511587107208708403e+03,3.346097125670649802e+03
1.587374237812649653e+03,2.023514337586043894e+03
4.853562742196299951e+02,6.503051600339593278e+03
1.328108565095038102e+03,4.999199010451781760e+03
1.519755940343589145e+03,4.018902275467939035e+03
2.390806575932635951e+03,1.074787127032640910e+03
3.884188008979458118e+03,1.363128378208889444e+03
1.704401184788218643e+03,7.206188986200220370e+02
1.330671772891241211e+01,4.783921389071104386e+03
3.368670273377471403e+03,-9.121653083793523820e+02
3.271929579948105584e+03,2.841102061558077366e+03
3.697107749239489749e+03,-3.495567565146130278e+02
2.608602962350556027e+03,3.668199556299323376e+02
1.683629979745068113e+02,1.504502953546015078e+03
2.845801647759044954e+03,-3.778296141766384153e+02
4.196630085366631647e+03,6.387562898648037844e+03
7.862314411104015335e+02,1.888494690120833639e+03
3.499637960060956630e+03,-9.132083456084005491e+01
1.667407197022103219e+03,-1.742874169353391096e+02
4.493377475355379829e+03,2.622309191062786795e+03
4.164178937394513014e+03,2.663410972905303879e+03
4.069818278925164577e+03,1.277002004249174433e+03
3.897245837245273833e+03,1.099073475774719327e+03
3.508901163868418735e+03,5.748359568668832935e+02
5.069205718346515823e+03,1.609381825309653550e+03
3.928402838369186611e+03,1.837834293219483243e+03
6.444329276192047473e+02,4.344313216321843356e+03
-1.194385630228056698e+03,7.506671648939659462e+02
3.457587495150054110e+03,9.001028702645955448e+00
2.374146325688844627e+03,-7.435117025847175682e+02
2.988819284674536448e+03,3.232202173477914585e+03
2.316463697299645446e+03,2.973554277726732835e+03
2.522629463049053356e+03,1.033943962027355155e+03
3.772453976514814713e+03,1.692733099474049538e+02
3.436796980124248876e+03,1.200639697657061788e+03
1.134885630397541263e+03,1.224287467673130095e+03
1.572519481371470647e+03,1.241687207333598508e+03
3.452781210952508445e+03,1.803138751268498027e+03
-1.170586197256001469e+03,2.081590206715640932e+02
3.467026881229198807e+03,1.896819693792738235e+03
7.190661706970337036e+03,5.557976774403350646e+03
-1.684556487231525068e+02,1.560807994353216145e+03
2.590648337771819115e+03,-3.427822663471040414e+02
5.183780884976264133e+03,4.929081311677934536e+03
2.418079998458960290e+03,4.784805771831692311e+01
2.184088699035511581e+03,1.689883019374829246e+03
2.859786413881035969e+03,-3.414591799848557798e+02
3.289824090227302804e+03,-6.030778683946596175e+02
3.860314411958929213e+03,5.958881796419912462e+03
7.712495347566294868e+02,1.561408701691229226e+03
2.733466317932633501e+03,-7.313265515322665351e+02
1.049248432827452916e+03,1.064277249896190824e+03
2.576915223688732112e+03,-1.030060922393046440e+03
-4.536947005041826060e+02,4.083135039335692085e+01
3.339115755968140547e+03,1.799536053030527455e+03
3.441009280500548812e+03,2.336780594678818488e+03
3.162615866515770904e+02,1.019795733487442931e+03
-5.148974589471366926e+03,-1.503251976848913273e+03
-3.410548071991016968e+03,-2.357122929393952290e+03
-2.931364280013715870e+03,2.735656456052186968e+03
-3.969289004280219615e+03,1.109527167296304924e+03
-4.242675830999929531e+03,1.969721153000932418e+03
-4.677969574365355584e+03,-2.239274870099526652e+03
-4.313200800190866175e+03,-2.619387328425580563e+03
-4.818016232424316513e+03,2.698284784180742008e+03
-5.611968952882803933e+03,-1.235230967424998880e+03
-4.711906072962592589e+03,7.980377027970189374e+02
-5.309670828747615815e+03,1.412675632174360771e+03
-5.267643362631257332e+03,1.132378015968793079e+02
-5.650391146671433489e+03,-2.007487418319477456e+03
-3.356619233314689609e+03,-7.769533723044721683e+02
-4.300169730297319802e+03,-3.098443755939134917e+03
-2.665223804347089754e+03,6.138282302956978356e+02
-2.186033477037149169e+03,2.610300070669156412e+03
-2.855835614916643863e+03,-1.983428864269719043e+03
-5.776797853793471404e+03,-4.570280335020229927e+02
-5.938750485061806103e+03,-2.315298047246201065e+02
-3.136888605766038836e+03,4.742585922553622368e+03
-2.315530095714384970e+03,2.077416005574650171e+03
-4.291459769906933616e+03,3.808166338969464960e+03
-6.079284817968629795e+03,-1.606135935612771561e+02
-4.800199192592150212e+03,-1.137940984349892233e+03
-5.411459935611008405e+03,2.831380154330942105e+02
-4.729417397708395583e+03,-1.125246028875246509e+02
-5.610334470537345624e+03,-5.968313203159335671e+02
-5.009820056838039818e+03,2.309616479114561571e+03
-5.555141996115872644e+03,-1.125206945199445840e+02
-5.053734561954094715e+03,-8.714865524616836865e+02
-4.826806464972714821e+03,-1.957160273782074853e+02
-4.671775524641388074e+03,2.534073065243122073e+03
-5.333049214274323276e+03,-1.222019245854493875e+03
-3.587297139750779479e+03,3.825281624971210476e+03
-4.256826444221673228e+03,-1.542899533478107969e+03
-4.898986992090467538e+03,-9.796261693210324211e+02
-1.131231808740784118e+03,-2.581375336969809382e+02
-4.024551909410251483e+03,1.101164279637788894e+02
-5.001505934740737757e+03,-1.006814161007780967e+03
-3.099379871421540429e+03,3.405614373357309887e+03
-5.157678696928723184e+03,-7.915041425296908528e+02
-4.947581968141180369e+03,-1.255406356197486048e+03
-5.095570964271964840e+03,4.159492345420779316e+02
-4.593764479677676718e+03,3.232765236580677083e+03
-2.834589141681075944e+03,2.218033863989905967e+03
-2.598563088409205193e+03,3.660731622729168521e+03
-4.043382909011852007e+03,-2.880260755837351553e+03
-1.518627653643224903e+03,2.421859882420238591e+03
-4.834014038210372746e+03,1.137648560027150097e+03
-3.486128304387365915e+03,-3.636116897657665959e+03
-1.770150889177092495e+03,-3.819113043440098863e+03
-5.688062370526552513e+03,-2.882051715705930519e+02
-3.753661946347346657e+03,-3.459339386208024735e+03
-3.431031298871315812e+03,1.054986817104016836e+02
-6.236230100032569680e+03,-9.731243358731486524e+02
-4.934025393411464393e+03,8.210455761139463675e+02
-3.380761400590924495e+03,-9.883381468232258840e+02
-4.033350721188081025e+03,3.536974401603820297e+03
-4.568664346362385004e+03,-2.445285794250019080e+03
-4.198290172502303903e+03,-1.625359320595580584e+03
-4.034695276798316172e+03,-2.177428255253746556e+03
-2.963021362522722484e+03,5.276832367068740496e+03
-3.086237630301341596e+03,-2.390115182240289414e+03
-4.834065388131587497e+03,-1.773305400514872872e+03
-5.254710721255742101e+03,6.691616155403588664e+02
-4.683827276217009967e+03,2.599407824994217208e+03
-4.105912506193450099e+03,-2.957115187097675175e+02
-4.205708010998546342e+03,6.738685244843937028e+01
-3.273094183626771610e+03,3.135349071846326751e+03
-1.971736479180031438e+03,-7.841700440046923859e+02
-4.755509144714522336e+03,-2.302005465659723995e+03
-4.760208030792932732e+03,1.497690833574638191e+03
-4.864364742583028601e+03,-1.412206359608233697e+03
-3.353130475286865021e+03,4.207012328345439528e+03
-5.410656759407321260e+03,-5.936285057632661619e+02
-4.964416613214758399e+03,-1.500056361549446592e+03
-4.367167852452742409e+03,2.388200964970612404e+03
-3.479125933190206524e+03,-8.545859093176950410e+02
-4.597304618417046186e+03,2.569498781159375540e+03
-3.811096148278564669e+03,3.055107307892371864e+03
-5.100774728029581638e+03,-1.787701999652219911e+03
-5.203375470374629913e+03,-2.133132176330654772e+02
-3.105387993241695312e+03,4.185778794771013963e+03
-4.973489559913499761e+03,-1.583194544914689459e+03
-4.653833483553488804e+03,1.917444638913397057e+03
-4.797764044214468413e+03,-2.266899617719864636e+03
-4.449633130980271744e+03,-1.137482988591638332e+03
-2.814970295131244256e+03,5.469380975570425107e+03
-3.264623537094984840e+03,2.760889558448402568e+03
-4.851790163312011828e+03,-1.458975003893055373e+03
-4.274604921444771207e+03,-1.074619860332795042e+03
-5.616262553608703456e+03,1.565538324832719127e+03
-4.939865581369340362e+03,-1.341731188271905694e+03
-4.934586368780401244e+03,4.899639602064125938e+02
-2.444150104822978847e+03,-3.600283410042277978e+02
-4.182968623363900406e+03,5.419239755805514278e+02
-4.520523061207910359e+03,1.709843899909579932e+03
-4.340948432403482911e+03,3.780057569072750539e+03
-3.261114690365533079e+03,3.183092863255986231e+03
-1.250837683572744936e+03,-5.234713405352539667e+03
-3.519410490239228011e+02,-5.631015758552750412e+03
-4.092558719345605596e+02,-2.836728112338204483e+03
-3.067454919247674297e+03,-5.567567827433001639e+02
-2.330278063502857549e+03,-3.735471604849557025e+03
-2.146946883780424855e+02,-4.219916305966262371e+03
-2.267687132809648574e+03,-2.993913193541922737e+03
-5.377422745237902291e+02,-3.593266294572497372e+03
-6.664299209789307952e+02,-3.094165114095203535e+03
-3.266780193654728464e+03,-2.338107960996816928e+03
-9.407789046478854971e+02,1.268586756689980803e+03
-3.894973874734617993e+02,-3.273505500271838173e+03
-2.568730831660891454e+03,8.865827754827420222e+02
-2.767521595021409212e+03,2.266273349778934517e+03
-4.886672337581778152e+02,-4.617524171308768018e+03
-1.196404196491372204e+03,-4.590926573392538558e+03
1.866666564976103018e+03,-4.450386919989986382e+03
-2.285840901675997884e+03,-1.400178495852956075e+02
1.091870961899098575e+03,-5.031485933238918733e+03
-1.757291355496349894e+01,-4.489402005491934688e+03
3.875107923641807588e+02,-4.223242737805380784e+03
-1.528467214773382011e+03,-1.164874275589074387e+03
-2.778230572725411093e+03,-5.369429003324844416e+02
-1.498735084676462748e+02,-2.189716056137095620e+03
2.622373665699563503e+02,-5.354493467217779653e+03
-3.295762041473436739e+02,-1.022105874901649486e+03
3.504149364444261209e+03,1.775738329047348543e+03
-9.725949165799854654e+02,-2.148785186854165659e+03
5.114952180700212239e+02,2.743914743436032495e+03
-8.404232576865737201e+02,-5.496491781944635477e+03
8.442863482745754027e+02,6.718652807410820742e+02
-1.186254198512751827e+03,-5.490581784448901999e+03
-1.208973138670139178e+03,1.275902875022651699e+02
-3.751516057870671261e+02,-5.510466658834908230e+03
7.158510861691020182e+02,-4.833371798077047060e+03
-1.483596162739338752e+03,-1.869183306808450880e+03
-2.081777134389215462e+03,-5.432876761125980920e+03
-9.144858128177137360e+02,-6.065305687317540105e+03
-9.765677397730333951e+02,-2.820112020770495747e+03
-6.828493842883273146e+02,-5.823170169627197538e+03
-6.775895447440394719e+02,-2.676467888644815957e+03
-2.819248569709592402e+02,3.190050065723209173e+03
-1.232393354670627332e+03,9.157616297612429435e+02
-2.136256425956453313e+03,-3.443625134151711336e+03
-2.619142005875801971e+01,-3.249738909513681392e+03
-3.195088959799770123e+02,-6.249487454671476371e+03
-6.505356660926066752e+02,-3.932255507856633358e+03
-8.817725641160537862e+02,-4.390106506755392729e+03
-6.620524403224292200e+02,-1.560137797671421538e+02
2.380103623903620246e+03,1.125251571887654791e+03
-2.206841782721300206e+03,-4.548316031044853844e+03
-2.753003966942153511e+03,2.041413062039089255e+03
-1.133672066887147821e+03,3.296418619425727229e+03
-1.239725158002778471e+03,-5.217224571178881888e+03
-1.803306798840170359e+03,2.733734244599328918e+02
-1.181140734621872980e+03,-5.357540267711509841e+03
-1.492217642645680371e+03,2.856061395369002298e+02
-1.832447687160053420e+03,1.422649767112530981e+03
-1.148334673235622859e+03,-5.917842932396756623e+03
-5.678849420101530541e+02,1.299851749001256394e+03
-1.937571362994245646e+03,-1.928102202340996030e+02
-1.279814548835017831e+03,9.122331976757237726e+02
-9.649197341536353179e+02,-4.999617401985075276e+02
-4.345189533162905718e+03,-1.410995966610327287e+03
-2.524499695845975111e+03,-1.312808197585484095e+03
-8.241782390237685831e+02,-4.067163657826069539e+03
-1.303458362735158971e+03,-1.614764862686833339e+03
3.548061644828763406e+02,-6.472812931397797911e+03
2.551314882872123349e+02,-4.025957883778568885e+03
2.078324030254080128e+02,-2.961201717690535588e+03
-8.879329346517199895e+01,-5.482355029453717179e+03
-4.323962077052296991e+02,1.018660012825624676e+03
-2.217882557807979538e+03,-9.949596924082975420e+02
-2.963056732348903779e+02,-5.836389813180806414e+03
9.931553604083016751e+01,-5.118672037332319633e+03
2.750384015394647577e+02,-5.175408296925093964e+03
-2.836179945771556049e+03,-1.464291039496152507e+03
7.872490950752041954e+02,-5.629600988941895594e+03
-1.745273244625119787e+03,9.102983493165978643e+02
-1.247342609207917803e+03,-5.752365008801338263e+03
-2.258436529153175798e+03,-5.498711137413783035e+03
-1.300306717588486890e+03,-4.530188484441041510e+03
-1.490101698544005785e+03,-4.284633188146892280e+03
-1.388990134319335766e+03,-2.610184041087017249e+03
-1.220428121128452176e+03,-5.556995126648499536e+03
-2.300677122282600067e+03,-2.412210630471740842e+03
-2.119262065347594216e+03,-8.016791882505533522e+02
-1.451527773662568961e+03,-3.695122280744825275e+03
-2.683643433650998759e+03,-4.856649859551730515e+03
-2.383779407750582322e+03,3.466062070599804770e+02
-4.501186203148834011e+02,-3.864768424790975587e+03
-2.394007746224976472e+03,-3.861893006979900633e+02
1.925822994228624339e+03,-5.371156333253412413e+03
1.128638305039527268e+02,-3.868306673976050661e+03
-2.325787245800622259e+03,-8.815012527482134885e+01
-1.088736819289357300e+03,4.574815294692161842e+02
4.967064960677333829e+02,-4.109871172180352005e+03
-6.963730237087688693e+02,3.625602038205750546e+02
-1.509607645053327360e+03,-2.157808220897325555e+03
-1.013891611692892639e+03,-2.479782455330326229e+03
-3.502946710881140916e+03,1.951348044683948729e+03
-3.200632599891972404e+03,-1.250468588106744392e+03
-1.926763633065608019e+03,-8.261178313083020441e+01
-3.526558599602315553e+03,-1.833557668465314919e+03
-2.585595032668228214e+03,-8.810886522586608862e+02
-3.851313945857239560e+03,1.009635507486422284e+03
-1.305731790682388919e+03,5.360467300045289676e+02
-4.116337361019272976e+03,2.125710003139173750e+03
-3.670769456701665149e+03,-8.272543962028179010e+01
5.283675067778764969e+03,1.349026562336974393e+03
-4.880796107094201034e+03,-3.555751076700532280e+02
-1.863919369353400725e+03,5.508632976793981470e+03
-3.446198724263300846e+03,4.151396533842900681e+03
-3.647393566211636426e+03,3.467204916920028950e+02
-2.767269851380103773e+03,-3.401311291797678109e+02
-4.020216140607903981e+03,3.979372116565787564e+03
-3.106817604208157263e+03,3.003719348425155204e+03
-4.497981421763353865e+03,1.677072996704804382e+02
-3.233137194629918667e+03,3.924457777838544189e+03
-4.685968903798220708e+03,4.184503259033169343e+03
-3.461877472041143392e+03,4.112520940242343386e+03
-4.140751325897978859e+03,7.298159878721331779e+02
-2.541408697984727951e+03,-1.295062937720739910e+03
-3.339238530358074058e+03,4.034761706272101037e+03
-3.029207890129449879e+03,8.593926385054821822e+02
-3.023352439474212133e+03,6.626162681842463371e+02
-1.793332939380356947e+03,5.538490098909705011e+03
-3.488520479386934312e+03,1.277941700531190918e+03
-3.797699626687634918e+03,1.191455502586993589e+03
-1.534286730422562869e+03,3.576345467575982184e+03
-2.956543312010547197e+03,5.256712553584732177e+02
-2.948614837345332944e+03,4.462961285417083673e+03
-3.478468046329119716e+03,3.411347513495744010e+02
-2.716596373200731705e+03,-4.637090079114399259e+02
-2.259812747459415732e+03,5.640117616777581134e+03
-2.872494638301970554e+03,3.825293562362700868e+03
-2.157921884051113921e+03,4.628038650028961456e+03
-2.426100753808940681e+03,-6.900433594346307018e+02
-2.923777048873677813e+03,3.504682694684009221e+03
-3.465867761745347707e+03,2.594474637348962915e+03
-2.511518445200117640e+03,1.302287775018179218e+03
-3.190561263954202786e+03,4.253515807637129001e+03
-3.742122192225904655e+03,6.162305893839651389e+02
-3.493596767638167421e+03,1.997483286455003508e+02
-2.713100174017827158e+03,-2.174578849513073635e+02
-2.611413748540911911e+03,-2.221089874586754149e+02
-2.687950691099578307e+03,-5.725583187384703479e+02
-2.513694029151924497e+03,4.371557298693831399e+03
-2.610129911359863399e+03,3.745713547300738810e+03
-1.751330245151736790e+03,6.089913466908990813e+03
-2.822730898894018537e+03,2.216815215109147630e+02
-2.439026134988809645e+03,4.278135765994352369e+03
-3.144851893987236053e+03,-1.084533473898407010e+03
-3.204599093655193428e+03,1.630525144551294488e+03
-2.796698246803344318e+03,-4.070163098482634268e+03
-2.383802232463222481e+03,-4.431115176394599985e+03
-2.869536637454079028e+03,3.233441878760933832e+03
-3.798531726093201542e+03,-2.505145715034836485e+03
-3.168162008780353517e+03,-3.863331085363008697e+03
-2.654866905268158462e+03,4.026130348409169983e+03
-3.668027189531102067e+03,2.458080228934957177e+03
-3.572976444916407672e+03,3.251606335265917096e+03
-2.160393799631667207e+03,-4.175861442488901957e+03
-3.612028520814136755e+03,-8.078675109240799657e+02
-3.562098251697208070e+03,-3.400624177701621647e+03
-3.039140181052752723e+03,7.733244822840725874e+02
-2.586442844357703052e+03,-4.425259485672443589e+03
-3.517457569066551969e+03,-8.506696632557826661e+02
-4.889518312640808290e+03,2.280103709964581412e+03
-2.742594926677674266e+03,-4.219018495389495911e+03
-3.124621737305733404e+03,-4.351263192353019804e+03
-4.156049621132775428e+03,2.890737716545837429e+03
-5.999684822788740348e+02,3.211227689285562064e+03
-3.187063662747134458e+03,1.682390095844743882e+02
-4.118296575570826462e+03,1.195897234412685748e+03
-4.228714441077792799e+03,1.813417389408211875e+03
-2.663077667521460626e+03,3.028313565854025455e+03
-3.801476461226942774e+03,2.554604979557229285e+02
-4.416045387267170554e+03,2.955576487513757002e+03
-1.781604069714892830e+03,5.816875228185073865e+03
-4.471421801964564111e+03,9.545920073729580508e+02
-2.685102090417543877e+03,2.821424263245956354e+03
4.427312651131925918e+02,6.842971977524814520e+02
-4.378213065739285412e+03,1.663026983750501586e+03
-3.507843021893818332e+03,3.398057130431957376e+03
-3.292372277957678762e+03,3.654874080358515585e+03
-2.993747756045714596e+03,3.878722701219695409e+03
-3.283101192067906595e+03,-5.818740993229561127e+02
-3.569189093232757841e+03,5.555262292922393499e+03
-3.082573010198684187e+03,-1.721761337651795287e+01
-2.883931316759171750e+03,-3.780988635866401069e+02
-4.626367749734585232e+03,1.325795751429843222e+03
-2.872409785126895258e+03,7.942115965915328388e+02
5.638877427919094771e+03,-3.573310087930827308e+02
-4.324086218615114376e+03,2.827444364559688438e+03
-4.341342331590421054e+03,1.304302799897815476e+03
-1.825368906898232581e+03,5.851670068642184560e+03
-2.893514120429565992e+03,4.186999184956485806e+03
-1.418020102448007037e+03,1.438559797466057034e+03
-3.360724027187878619e+03,1.465053830691915437e+03
