8.060635489300371076e-03,-3.517434985887091248e-02
8.302094294222942331e-03,-3.761048022861667589e-02
8.313707506824448770e-03,-2.198539112168654969e-02
8.041056463061236476e-03,-2.548588596123037980e-02
8.127828769054882413e-03,-3.607617885109552086e-02
7.829409304782984289e-03,-3.533840126190267855e-02
8.119198250184854818e-03,-3.537534446482622219e-02
6.265971292881156347e-03,-3.028823771785871949e-02
7.637172981843173836e-03,-2.819447139950263803e-02
8.110897185041985799e-03,-3.203117332602554990e-02
8.057229710767234085e-03,-3.208703439151615322e-02
7.995474553750495789e-03,-3.766499044594386753e-02
7.832883207322487856e-03,-2.647265178586312787e-02
7.018447676922967907e-03,-3.311040272594847900e-02
8.176215626716921980e-03,-3.730452782353646524e-02
5.103178390758664890e-03,-2.992786109951253715e-02
8.365867188481337230e-03,-3.745285341050390293e-02
8.087294533624122400e-03,-3.816847497744628448e-02
8.586657988387792761e-03,-3.998304962148729186e-02
7.788815874747745741e-03,-2.699759968363245680e-02
7.591119098603520653e-03,-2.963531208714061463e-02
8.020913242119297876e-03,-3.715672827667984568e-02
7.957171896508703074e-03,-3.597928822419461242e-02
6.502749596916259853e-03,-2.870176876818419931e-02
7.031868281750924821e-03,-2.900328137475974635e-02
7.880213034820428286e-03,-3.628868822214229711e-02
1.020156762978297570e-02,1.069272991251077332e-02
-2.054952120490096280e-04,-2.697069763273755513e-02
3.473729580901515745e-03,-2.180465608488632925e-02
7.860413476353071693e-03,-3.529784627974514449e-02
1.067512070558650911e-02,-6.029555779994322934e-02
8.071402495874121369e-03,-3.758694752324812788e-02
8.186228055725906783e-03,-3.705769462123682800e-02
7.569589290707270587e-03,-3.120251870661124027e-02
8.286679693150179535e-03,-3.742764625653543370e-02
7.397343243145873895e-03,-2.656015774916136579e-02
7.394669564247936117e-03,-3.179090720466625636e-02
7.902232765545762552e-03,-3.586441023229128972e-02
8.297339402176988690e-03,-3.689304344538885116e-02
8.342586506381807071e-03,-3.748011065755179477e-02
8.059894672851385458e-03,-3.670902744368321341e-02
8.228258381354866535e-03,-3.874446267504916969e-02
7.829227018910206101e-03,-3.503916499214616148e-02
8.395384946057047465e-03,-1.886416655408427664e-02
8.415375670708913000e-03,-3.736921207061866951e-02
8.017804297547160425e-03,-3.649123588471789303e-02
8.091426570513699304e-03,-3.682130193010432762e-02
7.538698244603772927e-03,-3.527461404940279016e-02
8.441513301014485354e-03,-3.815733446239186200e-02
9.217497947748025736e-03,-4.687220582158507093e-02
8.467644936289257795e-03,-3.816919919235660374e-02
7.979933750489963395e-03,-3.692791154212493598e-02
7.961826317518540946e-03,-3.623144636069897812e-02
9.143089091959020337e-03,-4.217680818690466849e-02
7.844262926733059499e-03,-2.495004029367170126e-02
8.445638693501414385e-03,-3.815914580105326387e-02
7.228762642678957483e-03,-2.972778285534425843e-02
7.583886936369238843e-03,-3.306011618880723424e-02
8.593591798968722162e-03,-3.996593914797535313e-02
7.391583227447288615e-03,-3.095300505842151634e-02
8.496517133380461495e-03,-3.614131323638920812e-02
8.254898930881438002e-03,-3.675276661687836011e-02
7.911071613591211249e-03,-2.559993001083291086e-02
7.359339561913444926e-03,-3.218316597030649456e-02
8.984527287616011701e-03,-9.149277074512228783e-03
9.382747145959966645e-03,-6.203424165556027658e-02
7.159428004708436565e-03,-2.971012087399658302e-02
8.377323703121865306e-03,-3.671917468649672778e-02
8.459395429947908635e-03,-3.819307837511103088e-02
7.688173584576664388e-03,-3.269557595683235396e-02
8.447261807499856223e-03,-3.854043529128104578e-02
8.459181029560305237e-03,-2.967910887240394688e-02
8.440354756595979183e-03,-3.871895676485424820e-02
8.468072642103570066e-03,-3.906825384124362061e-02
8.519823875902169524e-03,-3.907016141163013878e-02
9.121479433060930911e-03,-9.401830881514363150e-03
8.470985586438562961e-03,-3.918693479555349773e-02
8.441293473579535717e-03,-3.822513322323529972e-02
8.266846697173169459e-03,-3.886401810299442566e-02
7.425605595841790890e-03,-3.231564588585011943e-02
8.494260900143064258e-03,-3.638599390340199746e-02
8.429760210426403416e-03,-3.718674938708830396e-02
8.463638441200968879e-03,-3.773227921628613535e-02
8.166658652112088537e-03,-3.567619785506144503e-02
8.584113098409935569e-03,-4.054874986518142849e-02
7.626450453295676932e-03,-3.491545453986517195e-02
8.498888865306215151e-03,-3.314213826741640306e-02
8.528094900449006976e-03,-3.149899646023315153e-02
8.471441472790873853e-03,-3.762206049939605806e-02
9.557425636923064238e-03,-1.468871029778071047e-02
8.425577938357783903e-03,-3.669428900811400052e-02
6.671401504002072262e-03,-2.447688714375675922e-02
8.596756635256028872e-03,-3.929868001758398538e-02
8.745936885038461950e-03,-4.651104601551511036e-02
8.579476936571036813e-03,-3.831694114518344185e-02
7.827762130240853086e-03,-3.639447227536695556e-02
8.591328349335810785e-03,-3.484916601296334654e-02
6.013619517522260718e-03,-2.193945102412350398e-02
9.155149779365354817e-03,-6.152095062228204320e-02
7.437268244249417050e-03,-3.080577055266510780e-02
1.099790633248710903e-02,1.808083319922773949e-02
1.095824321173427020e-02,1.891659212798945874e-02
1.099196019997934412e-02,1.736976889014105185e-02
1.099285064484283557e-02,1.734096398973470482e-02
1.097902913342434228e-02,1.894104485997522708e-02
1.078253013228131635e-02,-3.606360694556511731e-02
1.098820312610876253e-02,1.759732743969189689e-02
1.099608353116274771e-02,1.817733998264792900e-02
1.099483871950428064e-02,1.768181597768963415e-02
1.096713740640818321e-02,1.861386230766944386e-02
1.099069380712896192e-02,1.749416900651008452e-02
1.099876929649479251e-02,1.792639205116929035e-02
1.097829203591854999e-02,1.873567117609430815e-02
1.099314086446867740e-02,1.801242880004491620e-02
1.098577513966246012e-02,1.767841896247918446e-02
1.099396148219505126e-02,1.727570549106821271e-02
1.097762452577489937e-02,1.891106743757823422e-02
1.098868652006197016e-02,1.756278332867853426e-02
1.096554717314774004e-02,1.953192797990858237e-02
1.098718308135452834e-02,1.773822810700267927e-02
1.096614412339151114e-02,1.865369426017792626e-02
5.525769821393819968e-03,1.714120978217617552e-02
1.096809554941419011e-02,1.879285372144100241e-02
1.095545360560603275e-02,1.914655121751174943e-02
1.098378655968778109e-02,1.852817521517338001e-02
1.098303598342978069e-02,1.778173175926739749e-02
1.096982806041578787e-02,1.838697990583155334e-02
1.099559617719771121e-02,1.818276580080843349e-02
1.097622437982417008e-02,1.910387758160983496e-02
1.097305929972216404e-02,1.846889558195642655e-02
1.097718728210388822e-02,1.831223102699445354e-02
1.086612164363458602e-02,1.977542603259555345e-02
1.097333262651230094e-02,1.857256904145297011e-02
1.097055348550998732e-02,1.835230159323896285e-02
1.095682318755267053e-02,1.921980664096508903e-02
1.097469053088352513e-02,1.871098473967965775e-02
1.099158630648289052e-02,1.758598115750626203e-02
1.095764403617222396e-02,1.913347550281139717e-02
1.096557953635540587e-02,1.897347486168697236e-02
1.097130467331622339e-02,1.900265028871990503e-02
1.096972144669922621e-02,1.844330475955374693e-02
1.096508097186579475e-02,1.945103692468728301e-02
1.098112928043565653e-02,1.874181677152906775e-02
1.097233850248536743e-02,1.914825370562920834e-02
1.099849865224014969e-02,1.806120143777004833e-02
1.097250496047194254e-02,1.907334514565704048e-02
1.097152913694003813e-02,1.830805568687775622e-02
1.098701899547374107e-02,1.767006472995152205e-02
1.098393967192454017e-02,1.774678129905702187e-02
1.097891732902938483e-02,1.796987212880103366e-02
1.099338255358369223e-02,1.831571664890853032e-02
1.097232195093063474e-02,1.827383454005442748e-02
1.095701464708309300e-02,1.897270857394276269e-02
1.099132978160863999e-02,1.748919385083537448e-02
1.095521489590798106e-02,1.961942536077369501e-02
1.098313500732959851e-02,1.877690037782020829e-02
1.099169764207337356e-02,1.839166368606814927e-02
1.097648068115442480e-02,1.831935165464277857e-02
1.097339393820761198e-02,1.824761647285843419e-02
1.098132231884085472e-02,1.866453221461206180e-02
1.098503413894470759e-02,1.815464189896187630e-02
1.098976259160137914e-02,1.747446322782523695e-02
1.098329334914775052e-02,1.875323321551041617e-02
1.095332757506668579e-02,1.915138154999831976e-02
1.097669754571945107e-02,1.830206756030475918e-02
1.099501083887545645e-02,1.813739764076255367e-02
1.096118889745191331e-02,1.976574943614418933e-02
1.098853102949520419e-02,1.850787952747459317e-02
1.096839059144802397e-02,1.893411125991599497e-02
1.095319046251539558e-02,1.890600262367296211e-02
1.094995762336464958e-02,1.967325794288386082e-02
1.099197969932379400e-02,1.789227087717275982e-02
1.095744955951493370e-02,1.913634752329362865e-02
1.096060660767337810e-02,1.978915603507881010e-02
1.096298524585957897e-02,1.875884663943094138e-02
1.096558708400841194e-02,1.862845661462943572e-02
1.099524520522290882e-02,1.816901688534101889e-02
1.098137961691214061e-02,1.883923704139338004e-02
1.098154137537437486e-02,1.883584790723719093e-02
1.098810651048524704e-02,1.781214147920959223e-02
1.098582937972838493e-02,1.863486715275297634e-02
1.097167716492344555e-02,1.830756836650479155e-02
1.096715921657256954e-02,1.949083028273109960e-02
1.098099450733082058e-02,1.787364249067769847e-02
1.097873503194918277e-02,1.843549643774980082e-02
1.096985577512233148e-02,1.933567405032920322e-02
1.099193544495077716e-02,1.762983339324411189e-02
1.095633682214868475e-02,1.903104344185950828e-02
1.096344522735214454e-02,1.961635589386889408e-02
1.096776758542821611e-02,1.937516194400014380e-02
1.096247798679495823e-02,1.873430414053691914e-02
1.097898849977962422e-02,1.894802748975714379e-02
1.096039154214790805e-02,1.881378936002855995e-02
1.096315779401313417e-02,1.967574337017261032e-02
1.095839301942403907e-02,1.979090980560473112e-02
1.096783001644165319e-02,1.948389033195227840e-02
1.095367794033785466e-02,1.913139033655699567e-02
1.096535040378544303e-02,1.960060353627399166e-02
1.099699183678052444e-02,1.798628174122986548e-02
1.098049171626470227e-02,1.858320734301203286e-02
8.301683748004764704e-03,-1.453450840773284555e-02
1.003361970461582806e-02,1.639393359207514528e-02
-1.139962676894811910e-03,6.842675262693324011e-03
7.126104354230026680e-03,1.582178710141458194e-02
4.283978715659834263e-03,1.354407055489440306e-02
-6.312842339240735262e-03,-1.024064316762313478e-02
1.078368076974838691e-02,1.801623433248431341e-02
1.897365871944774228e-03,1.891571730758551204e-03
8.321658674063397987e-03,1.205978570945521675e-02
8.996627119306517886e-03,1.391713829806165079e-02
7.210875345938515951e-03,3.221302517229282514e-03
5.719613960717168273e-03,-8.049446171789176666e-03
-9.490438866909377963e-03,5.735662628570034442e-03
3.671578760084942897e-03,-2.002069798555299561e-03
1.397484300811944417e-03,-7.355234068492218398e-03
1.096386977995033110e-02,1.884783625956245115e-02
-2.221472410296783471e-03,2.801917776140232068e-03
5.145941020266351328e-03,2.086878123591509333e-03
9.789194325986256412e-03,1.390368225917378367e-02
7.152369048746606145e-03,-3.958464662448387891e-03
5.387707188154095862e-03,-1.160248525226768163e-02
6.942902848784954575e-03,1.955662505047615918e-04
5.625417116578959771e-03,-1.035380152521701499e-02
7.959147991945853332e-03,1.578133142047752346e-02
3.734314816112548497e-03,-1.124226202837527722e-02
1.071766559814454553e-02,-5.492025521893496159e-02
9.774976787421991650e-03,1.748712748272412965e-02
3.962573962237909628e-03,-1.140550202623078976e-02
5.716843185778436136e-03,-1.057965628175043526e-02
4.157149771382386526e-03,-9.925892444434640527e-03
1.098514676323672327e-02,1.860990038501115010e-02
4.434994163125328612e-03,-8.803643292764146144e-03
4.665365833325836598e-03,-1.060356836315719947e-02
3.255153734780622844e-03,-1.144644608939170832e-02
4.961641908390356133e-03,1.003209226378995456e-02
4.886539808812056032e-03,-6.212924674377160762e-03
4.382172992065586949e-03,-1.092679296744751734e-02
6.172507708433520868e-03,5.264852940239567181e-03
5.850962550041435492e-03,-1.134341339233875187e-02
4.753505225534731399e-03,-1.003986235819231097e-02
7.473195036557807314e-03,1.576937579210538690e-02
6.483007246502517015e-03,-1.583919575050534573e-02
6.563347836595383004e-03,-8.513171941466730029e-04
8.560251589826244761e-03,1.566903690250098097e-02
8.433015364126666621e-03,1.112049772609783466e-02
1.098948399210092006e-02,1.748318199230991174e-02
7.377016111062112760e-03,-9.800458565778177519e-03
8.429819539883849286e-03,-1.320502340844474307e-02
1.099219854615082585e-02,1.767872447866669292e-02
1.010477414858728697e-02,4.875900723220657693e-03
8.488656999299777281e-03,-1.191184412022531711e-02
8.595380498519001808e-03,-4.925226372780619304e-03
7.476762260006534176e-03,-9.656952837212809393e-03
1.087660788379365973e-02,1.941858974133460480e-02
-2.716909394521004398e-02,-8.688910309478811711e-03
8.468790653239794200e-03,-1.452605027411741669e-02
8.437800686479066808e-03,-1.562376174193003987e-02
1.083687950599605473e-02,1.486781678750033128e-02
8.448657607584973694e-03,-1.481285177459146056e-02
7.962745798598583336e-03,8.643232622487938624e-03
7.423837706370456022e-03,6.333080348841815289e-03
1.031507829463026646e-02,1.506294161530386325e-02
1.066686064144843800e-02,1.823057787782205591e-02
-8.189557351345135364e-03,-8.607169268653427213e-03
8.588368894596369943e-03,-6.519958391294926325e-03
7.345931193428511911e-03,-1.038832118853606941e-02
1.021109545309033771e-02,1.742589899550320634e-02
6.778898444506959234e-03,1.644776695390700108e-02
8.774470392532932733e-03,-3.157485278223999201e-03
9.259688489337981887e-03,1.407963173089073379e-02
7.115369549121051441e-03,-1.247154993189381923e-02
1.097564697984025790e-02,1.845011588233536753e-02
4.101778889635173189e-03,-7.608094093034444222e-04
9.627728997226459723e-03,1.739895928797659599e-02
8.452680431019181026e-03,-9.802946614045170495e-03
1.032603628148988373e-02,1.584621319146765211e-02
7.423692608201881184e-03,-1.276294329437981274e-02
9.717152619715842612e-03,1.075079177250145776e-02
-2.001658949304343724e-02,-7.826958419174688195e-03
6.757815001004217892e-03,1.318546404307292287e-02
6.559158614981415664e-04,-1.089176323362176478e-02
8.887436549200516955e-03,-5.654799821206871885e-03
8.981529952828507316e-03,-9.189433589220242365e-03
8.146891392373605684e-03,-9.897838027810605330e-03
4.241021351239583626e-03,9.945707799404046243e-03
7.052558089505806850e-03,1.418794950091127605e-02
-9.824905874451912019e-03,-9.544404159068585816e-03
1.079825056771469699e-02,1.887998373125751583e-02
5.832875021869723432e-03,1.557676792056331659e-02
9.626959491851881309e-03,-1.363008434209293795e-02
4.427599314983430775e-03,1.565446663608729971e-02
-1.095807914204099953e-02,-9.367658322055012060e-03
-1.958735949450106026e-02,-6.700877456983024387e-03
8.407774891635496142e-03,-1.658420162441002696e-02
7.996542661930014853e-03,-1.850737845238635895e-02
8.265862506369717547e-03,-2.363740159435084517e-02
9.570620785422964683e-03,1.790664068573746479e-02
9.985253373999084664e-03,1.139177865748344960e-02
8.322771507701776095e-03,-2.031032193788769383e-02
-4.283370292043179456e-03,-1.122862630728097173e-02
-1.280072772645737822e-01,7.665731827610058891e-03
-8.828284466397531838e-02,7.190414050199626581e-03
-3.472676669244758457e-02,1.067440282348343372e-02
-1.100907149136707286e-01,-1.767551476254277136e-03
-1.080778468808164935e-03,1.271408362633955069e-02
-7.312669158011517005e-03,1.429860872396293732e-02
-1.071551311517365546e-01,7.605792743996316052e-03
-3.593945412181214633e-02,1.928061117806558139e-03
-1.088480981032460132e-02,1.319990119987908030e-02
-3.790225410466263557e-04,1.477418492589123965e-02
-9.927053110009591633e-03,1.237302389850647444e-02
-1.599130516195885476e-01,7.611181246254480198e-03
-8.238948857345236576e-02,-9.260050627544730295e-03
-1.423791825380214121e-02,1.193705653315817704e-02
-1.599254873905398000e-01,7.053553059482828118e-03
-1.290803756356289148e-02,1.154015719713505708e-02
-3.424424730421101598e-02,1.083315002561608363e-02
-1.600094091309247346e-01,6.643671281670506662e-03
-8.163347113536187361e-02,-1.913308166373775196e-02
-5.652847412038070757e-02,-2.074132454739977677e-03
-8.381123813104740528e-03,1.040181313337387725e-02
-8.713959998089568226e-02,-2.042970964169199197e-03
-2.913991505164902421e-02,-9.320994472762172273e-03
-1.596725398916498118e-01,7.027556445014604067e-03
7.412600819288778405e-03,1.807598793357232878e-02
-1.593177779717065423e-01,7.637518324105948934e-03
-1.251135107616157260e-01,3.000782829317788503e-03
5.763684638295026898e-03,1.177076910513830642e-02
-3.261628057945115122e-02,4.446810102887258434e-03
-1.598165416639152347e-01,7.171746063056469445e-03
-1.395889403892757452e-01,6.124102431861723657e-03
-1.565854828437008572e-01,6.341166913487704393e-03
-1.600466176289393472e-01,6.004913165752568532e-03
-2.230295602230605162e-02,1.125056340855347392e-02
-1.597566823050371176e-01,6.001423760465665787e-03
-1.600926146473087286e-01,6.021332945149696254e-03
-4.157308845380376650e-02,2.013271189914408055e-03
-1.565864756117379963e-01,7.121551454295454824e-03
-6.907523664146117924e-03,1.316592033679343104e-02
-1.343974828886276562e-01,5.002689917253720295e-03
-2.115022324674173740e-02,1.034290448069270091e-02
-1.536990417132820530e-01,5.884626190159972410e-03
-4.712481818780986376e-02,-5.715967514828827062e-02
-1.599905508576863200e-01,6.746895576387313027e-03
-5.530674540082469726e-02,-2.413424314152981531e-02
1.434300885319703296e-04,1.727534330570081392e-02
-7.047535626340305226e-02,1.033720872079590437e-02
-1.794481159349923735e-02,9.090846705881365161e-03
-6.898454372754111996e-02,2.804451002286118249e-03
-7.427666342181418746e-02,-3.506852052203119404e-03
1.091480689232773339e-02,1.840985781068190871e-02
-3.427927865539524832e-02,6.392901074186743866e-03
2.803857750478431880e-03,1.673573610417130458e-02
-1.550371665522770788e-02,-1.174923223874876389e-02
-1.140280774114934420e-01,-8.306499993295568584e-04
-1.190425208813751662e-01,-5.448095607453172853e-03
-9.934554609711018780e-02,-2.014059961496933795e-02
2.998954842241626992e-03,1.648694641797834176e-02
-1.275113642934859182e-01,-3.864448968830514440e-03
-3.862074295792570361e-02,1.171541143851373597e-02
-5.204243655575200439e-02,8.252855241768471475e-03
-9.324781966354682428e-02,3.834538640921083315e-03
-4.058210232488548841e-02,1.206921691116419684e-02
-5.316737677401486145e-02,4.355615377729133743e-03
-7.109340081474732793e-03,-3.362938522008367820e-02
-1.599936311412655798e-01,6.340816595696254464e-03
-1.600381363354027586e-01,6.938540220167987126e-03
-1.602840145249724013e-01,7.650068021688415272e-03
-1.602576650575874284e-01,6.850919828202755094e-03
-2.754569288982384664e-02,1.031040864108891814e-02
-1.269356977316683007e-03,1.533699758936475470e-02
-1.601000716341556274e-01,6.810983446314360090e-03
-1.600818984960017677e-01,6.082248911658537024e-03
6.205671096124784191e-04,1.572704646286031752e-02
-1.602319393983408502e-01,7.045831202602532636e-03
-2.691841823676620685e-02,7.532882192530167449e-03
-1.601289730734407613e-01,7.531610852936774375e-03
-4.047165219820255018e-03,1.352101845921220742e-02
-1.601732295516079541e-01,7.227162628411812687e-03
-1.602390967507621167e-01,7.936402176648971879e-03
-1.601997769915842196e-01,6.183870990873238660e-03
-7.744040021541202801e-02,7.448539220396591283e-03
-3.831114816081171437e-02,1.067256384465942350e-02
-1.878434003468439301e-04,1.638795453268097890e-02
-4.017396692989844142e-02,7.855743593708413371e-05
-7.171009197551951597e-02,-2.498618643716456547e-02
-1.093139550382182384e-01,-7.976541302310838008e-03
-1.850678643741131973e-02,1.476338509350945231e-02
4.244202239082703484e-04,1.174811387124463473e-02
-1.173606391983100239e-01,1.557769567359277045e-03
-1.980449213411707848e-02,1.374512695461207329e-02
-6.463520296472477500e-02,1.719535850005841221e-03
-3.174923066997697996e-02,-1.940668647804526378e-03
-1.292549022033040972e-02,1.476812716402103008e-02
-4.505049598075445277e-02,-8.368425663714604279e-02
1.084186711968419120e-02,2.014664947705920722e-02
1.044644691624662530e-02,-9.926981503735425594e-02
-1.791104979355749929e-02,1.037889247364136291e-02
-3.949483580774536956e-02,2.034162360128612210e-03
-2.378850131141556357e-02,-1.188947971669595226e-02
1.040874078928150093e-02,1.532129600801038737e-02
1.079236804952417826e-02,1.971709169861253150e-02
1.011165698598426831e-02,1.791245984869513364e-02
1.085339391430856226e-02,1.912092419278697830e-02
1.094055650936812465e-02,1.825456546703978569e-02
1.041958690627920944e-02,1.905525517559941706e-02
1.011244379259312529e-02,7.454851625269784052e-03
1.091461801389714652e-02,1.906853263188414485e-02
1.066314643353659386e-02,1.702717515010643973e-02
1.080427494861952060e-02,1.941456964850768116e-02
1.071137541295464658e-02,1.866412092944961035e-02
1.075987666803095676e-02,2.038373933696821169e-02
1.081127352468426103e-02,1.963714311631251791e-02
1.083581012407558095e-02,1.875553367346985412e-02
1.078695005043729324e-02,1.926228698845412757e-02
1.081490650176498286e-02,1.898114004034274355e-02
1.090195930231575676e-02,1.978356607200910597e-02
1.085594278203274275e-02,1.997454917840992689e-02
1.012163300074861785e-02,1.687868320937866567e-02
1.076387242260245028e-02,2.033791473020474944e-02
1.066990597248708081e-02,1.876301144655364780e-02
1.079791844883190230e-02,1.891894340268025082e-02
9.834880568376573942e-03,1.625662301987114769e-02
1.080012554676004592e-02,1.905535534333713601e-02
1.077520282611296384e-02,1.960652672665207444e-02
1.076451596090760056e-02,2.035910113835295160e-02
1.083184179087721098e-02,1.944241497838295613e-02
1.076117796527756645e-02,1.991876940915763422e-02
1.078578293051677024e-02,1.928903606300302540e-02
1.087238109980141927e-02,1.974119571414305330e-02
1.006698434854725287e-02,1.304387998355844083e-02
1.077139889924280322e-02,1.975504924668617518e-02
1.070501161688548926e-02,1.941332358446399078e-02
1.077718970277330782e-02,1.949452166013771609e-02
1.081964022388293492e-02,1.909106428826090260e-02
1.079943378263560627e-02,1.948200666000047404e-02
1.087704847706682729e-02,1.852723433611745685e-02
1.084771655622421803e-02,1.937194544024069265e-02
1.078375811179575067e-02,1.940302915191112476e-02
1.077308342671708108e-02,1.951618609703946808e-02
1.084924990712242063e-02,1.914328270762800238e-02
1.078933544026647838e-02,1.905799342290168813e-02
1.075343856583087232e-02,2.078491917233897535e-02
1.044378745177828617e-02,1.896742015773731499e-02
1.073356761034180082e-02,1.986498672852667763e-02
1.084495088034278729e-02,2.043087346340125704e-02
1.076350581652215851e-02,2.022788001492931143e-02
1.063278733321705756e-02,-2.711094365654825172e-02
1.070066779352802158e-02,2.009476779399952534e-02
1.082363312688834969e-02,1.945682454234078096e-02
1.078855823474905370e-02,1.977338299340014940e-02
1.080439186605443476e-02,1.985454072349520510e-02
1.081747585272709034e-02,1.977820834704874936e-02
1.078066015100558050e-02,2.019804804100307910e-02
1.078273072247097446e-02,2.010948827031738481e-02
1.079868636215156052e-02,2.050263440384857486e-02
1.078314977078401529e-02,2.007318629997566911e-02
1.081049378917300734e-02,1.880200370571540047e-02
1.086749548998868116e-02,1.900813828036636982e-02
1.085753286272754872e-02,1.906907636551844268e-02
1.014950424702566918e-02,1.655774404609118566e-02
1.066537706399379483e-02,1.940424921641482892e-02
1.083488791434240178e-02,1.936611491117982281e-02
1.081400580380515938e-02,1.885820858560010443e-02
1.091357713702626256e-02,1.900361461281836750e-02
1.078598454250155603e-02,2.039692398578493715e-02
1.083253289065238927e-02,1.961767268202312467e-02
1.077387132940306989e-02,1.971238848660134338e-02
9.808286791251192432e-03,1.822657847354813496e-02
1.059383062690591806e-02,1.853327589790337848e-02
1.083013345417873502e-02,1.995250826881593553e-02
1.077541049659704736e-02,1.965171393702799460e-02
1.017074518738131893e-02,1.873599332031003137e-02
1.082909495379210871e-02,1.900537023436834824e-02
1.073728385848051955e-02,1.955865704792048715e-02
1.084285439141980528e-02,1.916460057127609973e-02
1.076581492073801563e-02,1.939844687422936573e-02
1.094013613328625664e-02,1.815933126810926820e-02
1.083540218803867583e-02,2.025776867701854431e-02
1.087049452711740666e-02,1.929091030395643086e-02
1.078724939104824462e-02,2.008344635818045190e-02
1.033898769672461290e-02,1.846343054846101908e-02
1.045135795016846267e-02,-1.218376505324199853e-02
1.079290399752604046e-02,1.948323658473619796e-02
9.220001182039522583e-03,1.034386742759522710e-03
1.081435647054854871e-02,1.945514953782570902e-02
1.009282268896660902e-02,1.785819420028209037e-02
1.049441490115906976e-02,1.147641519936180854e-02
1.083892469933020811e-02,1.895947986661385837e-02
1.083325611013176079e-02,1.939758064809877364e-02
1.065694139489842956e-02,2.029049892343291403e-02
8.963358385734808073e-03,1.769364902435418760e-02
1.067597385846832080e-02,1.813807253022246130e-02
1.083826524118105920e-02,1.948027108755422815e-02
1.077099145789330373e-02,1.959733177397029666e-02
1.063252624820446371e-02,1.892200261064460112e-02
1.058716168656850462e-02,1.979702356578840611e-02
9.988154071174586146e-03,1.858764574167975220e-02
1.079740451857183481e-02,1.972423990485461243e-02
1.076421537409163846e-02,2.027756521079366117e-02
-3.463235620568828194e-02,-3.865556375044151838e-02
1.058577895031554555e-02,-9.537977123658260281e-02
1.054183929064091141e-02,-1.118612090901805189e-01
6.284827784558594949e-03,-5.996666879641555925e-02
1.057889774831959062e-02,-1.057264572221523619e-01
1.081131660208943697e-02,1.648362843897203944e-02
-1.230395401300975536e-02,5.111302974569712984e-03
-1.093998057022224288e-02,-5.135018722181822898e-02
1.056580287306294746e-02,-1.094979039476458443e-01
1.056769214691906031e-02,-1.042765355567960434e-01
1.054607602566178144e-02,-1.103624470153381498e-01
-2.380524692114987725e-02,-1.625647795046156890e-02
1.056789321707489113e-02,-1.090459473805276414e-01
1.048211262892726273e-02,-1.225713154872816180e-01
-4.749996156515777154e-03,-1.966087262597994781e-02
1.051410841554202905e-02,-1.205746958434253530e-01
-7.466431744940211016e-03,-1.855041860252359259e-02
1.053301938937786959e-02,-1.206250860928744922e-01
-5.953236067157694975e-03,9.237568908355953644e-04
1.051263524720531459e-02,-1.201927503984732276e-01
-1.413359706864707535e-02,-3.350047104679041571e-02
-1.769493231702763680e-02,1.299473207764286278e-02
1.051319486662625341e-02,-1.158982443110269933e-01
-2.251942142055112644e-02,-3.437247335755485439e-02
-7.479583807457785248e-03,1.352323166345288132e-02
9.634918364109587227e-03,-4.102938723777421054e-02
-2.984995942175681927e-03,-1.749613480893669540e-02
1.050651475053763356e-02,-1.183564366927953582e-01
3.529781165623311137e-03,1.664668615429561530e-02
1.022534797663405409e-02,-8.635962164291350121e-03
1.049082134406705002e-02,-1.210831161139915013e-01
1.051426595099866183e-02,-1.221083057741958605e-01
1.053763344738990054e-02,-1.121020980654438282e-01
1.086578180297003218e-02,1.976671007236846175e-02
1.054013043960780674e-02,-1.169453965628182296e-01
1.052959785098523532e-02,-1.077015902401568248e-01
6.172375916689169795e-03,-5.227209862949644403e-02
5.353042576602328080e-03,-4.462873812824240220e-03
1.049982250812217174e-02,-1.266896480637461353e-01
2.611753937085247584e-03,1.519153852781461415e-02
-4.928924099611838722e-02,2.281949665008835022e-03
1.662426481524127263e-03,1.079334710476939803e-02
1.054189494506835301e-02,-1.090539601072325199e-01
-2.053824964263856537e-02,2.759026672072225923e-03
3.966469955542943626e-03,1.586554467571470173e-02
1.055410846100517455e-02,-1.078989417497901449e-01
1.050472688199002511e-02,-1.157111674216448199e-01
1.004564676895339584e-02,-3.927125270230422821e-02
-5.856155368175069986e-02,1.175594971471686590e-03
-1.503402330547837923e-02,-2.529696080016233251e-02
8.662161692023325615e-03,-8.908151193414465263e-02
1.038866774041582661e-02,1.914986416484553561e-02
1.055785159790120602e-02,-1.131469806886600815e-01
-2.251645220331310870e-02,-3.228770429072091303e-02
-2.405652029738718917e-02,-4.613934046702865971e-02
6.617345204803016731e-03,-1.177100803681008223e-02
8.093230895309303993e-03,-2.286351116869993205e-02
-3.430368995086089962e-03,-4.748910943646677402e-02
9.152190287437021385e-03,-3.486707359234254844e-02
1.047354656854723384e-02,-1.254977965863159906e-01
3.458987707786036984e-03,-1.048764461922689628e-02
1.049797842693746958e-02,-1.265065032330716654e-01
-1.395894523539270224e-02,-7.685804280473590433e-02
-8.272530065069829894e-03,2.892874922132938290e-03
-7.381938656027261375e-03,2.626967072177747303e-03
1.048693483482196487e-02,-1.253848549500838350e-01
1.050235428245298308e-02,-1.254705893745356182e-01
-7.411656940542352308e-03,-2.327244522992542863e-02
1.051015063376536940e-02,-1.261297191114589267e-01
1.041286276258381396e-02,-1.089045852097893785e-01
1.084130406457568981e-02,-3.165882831203775368e-04
1.050975280991319101e-02,-1.268517562883580141e-01
1.047772662681420788e-02,-1.254370495942156161e-01
1.051140823766761115e-02,-1.271895346888417822e-01
-4.172321412152459053e-02,-1.438009669777840990e-02
3.172574624459102537e-03,-2.387460880903549687e-02
1.047736823625877028e-02,-1.254732076593762236e-01
1.047281175116305911e-02,-1.251336310900286186e-01
1.052452784767482323e-02,-1.088599569952325569e-01
-2.103708209852940200e-02,-7.405010444224927740e-03
1.054916509645090379e-02,-1.111699665751717803e-01
5.519584253085449421e-03,-1.714744180958940574e-03
1.053454253968360427e-02,-1.113355174236619199e-01
9.127251012088808541e-03,1.024059578628460331e-02
1.054201027224678337e-02,-1.107317344855414665e-01
-1.685482568870813949e-02,1.172589552614241963e-02
1.056716295335794267e-02,-1.093604667481566234e-01
-5.426546826172600792e-03,-8.200405923781875495e-02
5.786900434951035462e-04,-1.456257828497881969e-02
9.773814234806979875e-03,-5.146518977500121744e-02
-2.028606308898291480e-02,-1.868223418905510125e-03
1.054707584771602709e-02,-1.136103756038928242e-01
3.886060082813890069e-03,1.762777988455951211e-02
-2.508680111309440422e-02,7.338805801838689524e-03
1.036586331514018425e-02,-1.056647494833323764e-01
9.500872440997665952e-03,-3.465661742272329454e-02
1.024839238951738389e-02,-9.390467409258700104e-02
1.050789822962499773e-02,-8.189158775104750376e-02
1.054172986088754149e-02,-1.145351161749187108e-01
3.707724448516071421e-03,-3.733753523512564620e-02
1.052696391706909804e-02,1.177789030619912948e-02
1.047161279158219729e-02,4.518875701884579425e-03
9.976942728535689170e-03,1.209476090528187678e-02
1.021474186933872888e-02,1.169380372743060795e-02
1.052797545356840177e-02,1.267933403077783384e-02
1.055193429237010101e-02,1.068680606497663700e-02
1.052108890896349437e-02,1.273922352727047298e-02
1.053003493750387723e-02,1.252915037061576829e-02
1.053241755386481043e-02,1.201399788558702234e-02
1.050632889048976233e-02,1.264756369662466823e-02
1.053945250620740189e-02,1.187155114056797148e-02
1.055053263140844078e-02,1.205371099708807230e-02
1.058531190645915776e-02,1.065507268653808313e-02
1.052523008650181786e-02,1.234273623819508170e-02
1.061410645610872013e-02,1.193561160128426071e-02
1.049436213439281299e-02,1.182955621045525367e-02
1.052332512248423460e-02,1.188334329826199777e-02
1.055089979849495839e-02,1.243486030226387436e-02
-5.336564188010243246e-04,7.812298471971045218e-03
1.068439358214910706e-02,1.320589366625556614e-02
7.394779373608937820e-03,1.061108272324964158e-02
1.049181465651789075e-02,1.096655394195227527e-02
9.721378738924355001e-03,1.070052941100227591e-02
1.029955137283789131e-02,8.504681471365278453e-03
1.094216978958462844e-02,1.785763785294074840e-02
1.049577580344757816e-02,1.039085766889367470e-02
1.072448664198317678e-02,1.553631317467520784e-02
9.601458346034950908e-03,1.106321170890799122e-02
1.050676397374245875e-02,1.094653179138718388e-02
1.050516636294557792e-02,1.267979439190394970e-02
1.047734539639169106e-02,1.058617868365183991e-02
1.035242040783667175e-02,1.059150448561496302e-02
1.050467965883988830e-02,1.150458801258203226e-02
1.043192307005722484e-02,1.064583148268161313e-02
1.066751697896875170e-02,1.258343844780574275e-02
1.048563565446796950e-02,1.040786405557247128e-02
1.051593153843896795e-02,1.207614902006782717e-02
1.051225751707056920e-02,1.072580391918068719e-02
1.051208191143090248e-02,8.635670107575082327e-03
1.052185651094221866e-02,1.130269186830193916e-02
1.046671195898486208e-02,1.228119429228661900e-02
1.052222508713858071e-02,1.089925826283824964e-02
5.728459695479759702e-03,1.394170120158813066e-02
7.548185145989178002e-03,-3.338871846472317440e-02
1.056374234465387758e-02,9.434234380312482571e-03
1.038341177211776246e-02,1.338601365132790696e-02
5.066216039557228275e-03,1.199428241513335151e-02
9.170013090541963979e-03,1.150212335297385105e-02
1.053210376098679020e-02,1.300883219324240614e-02
1.054431656042186319e-02,1.117174932050425847e-02
1.075013487913269519e-02,1.439247317823694888e-02
6.189299217289163761e-03,1.356701885405018487e-02
1.051884568305602556e-02,1.227930918718665894e-02
1.048588842485050771e-02,1.160593998451636515e-02
1.053757496703663227e-02,1.155740206736503850e-02
1.054962074647544656e-02,1.125153623972376116e-02
1.069626651401185853e-02,1.097011464075749176e-02
1.051016955524914330e-02,1.239146757219814973e-02
9.856367143318891036e-03,3.913771882532211289e-03
1.054242121560887077e-02,7.466515082981858321e-03
1.054393210568327528e-02,1.127783670125186676e-02
1.055205719159729716e-02,1.100964944838614575e-02
1.048306073742960240e-02,1.133928205486046253e-02
1.047187335815496535e-02,1.184816698574680909e-02
1.047927298448474848e-02,1.215944822364348719e-02
1.052203266611487741e-02,1.071227136505434330e-02
1.053673216284609776e-02,1.087903439139185739e-02
1.049691464254518501e-02,1.282329367376098053e-02
1.052486241477687372e-02,1.088993939245972917e-02
6.934295375629290735e-03,1.329569057283287205e-02
1.070370087865362557e-02,-4.868649802340462712e-02
1.051725089456117743e-02,1.109585711121830950e-02
1.051211340844707826e-02,1.195586176016047789e-02
1.057830284104804494e-02,1.116224758988772561e-02
6.556703741243502873e-03,1.093883561134717519e-02
1.053214897340577771e-02,1.237471924119236052e-02
1.053883913040652362e-02,1.105167741181993339e-02
1.048102407600343816e-02,1.193331007447632000e-02
8.983238186395159017e-03,1.145999713313153832e-02
1.064942212901153623e-02,1.217160079744626644e-02
1.053191147960107384e-02,1.210419477485798548e-02
1.098411547265762227e-02,1.774924434049217001e-02
1.051713465657605137e-02,1.143071528710850118e-02
8.991718004283799984e-03,-1.160679429983964284e-02
1.077300578082923156e-02,1.436899768127100109e-02
1.054029219036335847e-02,1.105584226368746918e-02
1.040532151678298309e-02,1.088084918951893326e-02
1.051148879939390636e-02,1.237941502254305548e-02
1.058939762068084392e-02,1.103214639052913816e-02
1.051560689406067471e-02,1.218471257856904716e-02
1.053662203541780133e-02,1.122182167739705153e-02
1.036489111472416007e-02,1.033099527143514600e-02
1.053909915246986802e-02,9.806385091359988079e-03
1.052128377436882881e-02,1.192414752558107992e-02
1.058538038072073285e-02,1.269322556882978084e-02
1.051579461998526643e-02,1.222539609024984875e-02
1.088779085114849332e-02,1.739292441593294145e-02
1.052322984931183814e-02,1.214160864015128780e-02
1.059087923910337695e-02,1.258909402500207539e-02
1.079849229790242303e-02,1.414631780323620872e-02
1.087955795690467506e-02,1.878131089550652902e-02
1.085112779250205044e-02,1.991768634231805626e-02
1.088641907871001728e-02,1.848031603635381936e-02
1.088551278803544936e-02,1.852972105367418562e-02
1.079736867115492147e-02,2.022071922540732286e-02
1.087957971429850956e-02,1.904579425324661249e-02
1.086503864780880707e-02,1.985233485272651366e-02
1.084346368193376230e-02,1.959587747253081769e-02
1.086451700429403450e-02,1.963711831524702495e-02
1.085439389107006880e-02,1.995494147457948370e-02
1.083584857959937232e-02,1.983579614973580985e-02
1.085797972951851528e-02,1.989822633222777110e-02
1.086337200042675026e-02,1.962060767348745849e-02
1.092082186698348223e-02,1.888201119455750268e-02
1.089128683497097086e-02,1.873875357718638585e-02
1.083861295018597425e-02,1.944020803504865197e-02
1.055842307572581011e-02,8.758321905645134742e-03
1.099446942587957790e-02,1.797607146034501183e-02
1.086599392714850294e-02,1.953088577759100330e-02
1.086766880156151208e-02,1.946104863963648776e-02
1.071824170981049672e-02,1.853350159430419697e-02
1.091259074946629264e-02,1.950430680920748824e-02
1.079137264980590226e-02,1.884483188873924478e-02
1.084486039361103743e-02,2.044209673998162100e-02
1.085352187033501031e-02,1.997547719158716470e-02
1.085295904374915417e-02,2.007620974643161554e-02
1.087140248467216228e-02,1.970905195127345411e-02
1.086346451388801697e-02,1.957902065915177042e-02
1.083353881681158211e-02,2.021083036828250773e-02
1.084647656880621466e-02,2.036656188928558792e-02
1.084288245849570308e-02,2.045709726504216577e-02
1.087704546131313364e-02,1.897460608302991777e-02
1.084829387997201383e-02,1.995210072888182681e-02
1.087073741390887430e-02,1.921714750869009392e-02
1.081237471918398800e-02,1.592991723417334221e-02
1.087524714939130596e-02,1.903110818869567511e-02
1.085226975642614861e-02,2.006893491060599000e-02
1.095452214642948612e-02,1.915891429545956565e-02
1.083395279121288253e-02,1.992062572258665454e-02
1.086908596750891902e-02,1.929734661263673295e-02
1.084344838409160260e-02,1.975508203985213915e-02
1.084011557438630674e-02,2.060691028722834439e-02
1.087279606630371653e-02,1.907388002501082813e-02
1.088081748793723671e-02,1.902320744607348749e-02
1.079634070687625347e-02,1.992903620519993063e-02
1.080926606251290251e-02,1.249427620182094745e-02
1.069702370875494357e-02,1.996010536902588159e-02
1.059047475606599703e-02,1.769521641976444168e-02
1.070579403320665555e-02,-8.938077778750422656e-03
1.028522427700851241e-02,1.931383296783691431e-02
1.033433897732765304e-02,1.482866730844128664e-02
1.006020101949631207e-02,1.044357664806185547e-02
1.087664933603283909e-02,1.902496548057052567e-02
1.092693841521978626e-02,1.866171399519626212e-02
8.904625773550440063e-03,1.739961015283534446e-02
1.086014645546446583e-02,1.978117052211567084e-02
1.083890439508996065e-02,2.036254926399860138e-02
1.091608025442638089e-02,1.861806788793667067e-02
1.077061752039045958e-02,1.999519030191121427e-02
1.086697060142307464e-02,1.932561304948620870e-02
1.089332218503116616e-02,1.860316159690085513e-02
1.086500293819595529e-02,1.942584268407317183e-02
1.066336696442104701e-02,1.870983422310174699e-02
1.097641644083931917e-02,1.907394702407086418e-02
1.086354373587201244e-02,1.948811238965954956e-02
1.084591424657169005e-02,2.004496152358953981e-02
1.080909780763969139e-02,2.002770966482544240e-02
1.089650093276876494e-02,1.904783633058408990e-02
1.088817241657271707e-02,1.859787640437213924e-02
1.076200206710210827e-02,1.987705905926738167e-02
1.097121255225541776e-02,1.889332402953124851e-02
1.083613041765680261e-02,2.073239232105246466e-02
1.086207791561276219e-02,1.929741181889040730e-02
1.086049615389309865e-02,1.963134136880727298e-02
1.074514103639895475e-02,1.914389024007483522e-02
1.087158814181061507e-02,1.921740722076108188e-02
1.083762911261272090e-02,2.066350290463070047e-02
1.081962074866792134e-02,1.877460972621166832e-02
1.087422195973625563e-02,2.012997551508174943e-02
1.086557756170996106e-02,1.909393886621938222e-02
1.082824235664586743e-02,2.034841428805020391e-02
1.084160811002439669e-02,2.048301977947965258e-02
1.084665060349776500e-02,2.035302484065440107e-02
1.083828112390647011e-02,1.950641735203925697e-02
1.083985541802538928e-02,2.060089904259135643e-02
1.085579844848586981e-02,1.898950237872304436e-02
1.087062776682277618e-02,1.917650931955993537e-02
1.088037775063205488e-02,1.879091048257843302e-02
1.064248054154582138e-02,1.956173418369615627e-02
1.086615919251444212e-02,1.926252085384460785e-02
1.083718058096268949e-02,2.071419101082958014e-02
1.084391175014655720e-02,2.039768591913056206e-02
1.085171396695758413e-02,1.945659366437830703e-02
1.083737649869703952e-02,2.070170413752009039e-02
1.082023223079538535e-02,2.045961416631195476e-02
1.087965608293480456e-02,1.800731442781999467e-02
1.085418261847381424e-02,2.021251428275215936e-02
1.087346172160054934e-02,1.891140945287914793e-02
1.081186455628009233e-02,1.963982724257991655e-02
1.074311254217017071e-02,2.043757396359187004e-02
9.939978188314338436e-03,8.954832669234268072e-03
9.895583723696763437e-03,6.660206084937915320e-03
9.958977866859546751e-03,1.136226696625416283e-02
7.786790336942425381e-03,1.530363649861653935e-02
1.024626791089499993e-02,1.448113394897866668e-02
9.912150608471993057e-03,9.616515248010912981e-03
1.006316314044093836e-02,1.225001789354116834e-02
9.971026920123310031e-03,1.090716007328498480e-02
1.014128159059732998e-02,1.311478986470386576e-02
1.096003954836092392e-02,1.965542100875687648e-02
2.137344124027211467e-03,1.522457507001149027e-02
1.006864280551679133e-02,1.105257482262806540e-02
6.359733173910610098e-03,1.627418330708033448e-02
9.494381562116228218e-03,1.722427664843865017e-02
9.846652928642340985e-03,7.464185765423340078e-03
9.905471175429947372e-03,9.295205056557242357e-03
-3.500341526139320175e-02,7.002820544793480172e-03
8.405899823337935686e-03,1.464389240426060106e-02
9.903125274499611011e-03,8.989805530827737687e-03
9.915213878182563972e-03,1.090930567283171851e-02
9.846609937001900639e-03,6.581454981511066470e-03
1.096212696970937789e-02,1.960115679562842925e-02
6.642581680450049438e-03,1.302042163969474586e-02
-8.142209802773510072e-03,-1.618683164437781201e-03
9.717650368113598183e-03,2.672889502832039368e-03
1.014922642794573171e-02,1.405625042049518311e-02
-2.154698104376497406e-02,-5.828696832010666490e-03
3.515110644906583974e-03,9.038128777502131561e-03
-1.152878886535716081e-02,9.075516174180968745e-03
9.921965108067023684e-03,9.573598696484346762e-03
-3.340847584347730881e-02,1.089324840594524391e-02
9.952987083670298066e-03,3.759655566038534388e-03
1.073536122106039277e-02,-5.181499617129407820e-02
9.960153941818587764e-03,-1.066826388030662175e-02
9.911492896964985838e-03,1.021811649883624246e-02
1.024800607522959039e-02,1.299997505705991624e-02
1.002549173215323830e-02,1.105391499824278680e-02
9.945590359113964940e-03,8.621556941587086784e-03
9.897336822475842275e-03,1.078538615646867926e-02
9.865450902142497425e-03,6.923972766004070530e-03
5.625083818272735500e-03,-6.723940018719066526e-03
6.330010634893944339e-03,1.304439652245968292e-02
1.922253382633593499e-04,1.419461209969878623e-02
1.006731411091648168e-02,1.091369897992030408e-02
9.660492669659015430e-03,1.071526681790624380e-02
9.864018556728085946e-03,6.982496039783487631e-03
9.909376138387750166e-03,1.062846437911146684e-02
9.929648886514191169e-03,8.572111390154952063e-03
-3.736514769322568132e-03,1.273335633469312514e-02
-3.023517001245964314e-02,-1.606044070691095386e-03
9.982557864246533255e-03,9.761607754789144650e-03
1.069115423690330732e-02,1.707829555717928563e-02
-2.070475636844201078e-03,1.378830963599727774e-02
9.924561132925264692e-03,7.837709887655881086e-03
5.630254804183977557e-03,1.689724970674999840e-02
9.942794791277805022e-03,6.305554054461893002e-03
3.979752813435858197e-03,1.513309538845468601e-02
1.096234158191335128e-02,1.812589687142219033e-02
9.900816054829149684e-03,8.711594733837117396e-03
-1.602499909426034330e-03,1.383505193704586030e-02
3.958813608423186227e-03,1.242342875275707567e-02
-3.820301346252024353e-03,1.385883555553084172e-02
-3.952561575970307307e-03,-1.057378854183138248e-02
7.952942010832938016e-03,1.313665677643288329e-02
2.354707076423732948e-03,8.571848684417935488e-03
9.956800366364076255e-03,9.454666154007010728e-03
5.780738607297942512e-03,8.928399550685146846e-03
9.922940968166829578e-03,8.949746646280586082e-03
9.915919827868964823e-03,1.111203845572404127e-02
-5.825689879233494906e-02,7.466038681794373057e-03
9.930151847385226133e-03,9.524652528141072313e-03
3.556746111257776382e-03,1.406881316315183351e-02
9.827583352662542376e-03,1.343190032224850922e-02
9.909491504491918165e-03,9.256814267670668978e-03
9.942447759677173688e-03,9.840770808660005697e-03
9.954131269172723784e-03,9.059580032159888704e-03
1.008903768117940664e-02,1.619944507860589591e-02
9.914628368826804150e-03,8.732420902176853475e-03
6.146550145350519571e-03,1.672549606567155442e-02
9.929275829022900235e-03,9.312722784183012636e-03
1.019909782770797232e-02,-1.041757760052675584e-02
9.940037362924199899e-03,1.017592012677890137e-02
9.974475387737885210e-03,1.032113609997966155e-02
1.043113831318014453e-02,-7.855823465781901216e-02
9.924845085553312546e-03,7.946625012631757315e-03
7.870736468918356973e-03,1.055688033282889404e-02
5.934864435356891794e-03,1.188440733667656297e-02
1.018178334828688872e-02,-3.960719762793137727e-02
1.049912551828570233e-02,-1.755931190911554779e-02
-1.449869153122859342e-03,6.239957512353309921e-03
1.004002686863309998e-02,9.517320354397448140e-03
8.859829582948662921e-03,1.594880271523431425e-02
-4.330660777364137015e-02,-3.106841964244304310e-02
8.523126589157778779e-03,8.783234216624137905e-03
8.971260818798586223e-03,1.495417367263715373e-02
-2.431780210442624837e-03,1.432877135972861204e-02
-4.468262171061686966e-02,5.837853451765492689e-03
3.211961084738773880e-03,1.512053658660449801e-02
8.697739931389322776e-03,1.119669241946403930e-02
-7.349380065521495323e-04,3.203910139005515783e-03
1.085402795439449966e-02,1.947499493006252941e-02
1.089142042117182546e-02,1.865689956671848920e-02
1.083805440169561228e-02,1.944717160296322023e-02
1.088018627884454123e-02,1.896669386159713019e-02
1.087250930973551917e-02,1.999666776893181674e-02
1.086233439290581158e-02,1.943051882660687402e-02
-3.957530270156283314e-04,1.380814709839404443e-02
1.083916784949213487e-02,1.969777036253061303e-02
1.085223914319058403e-02,2.017550181585401128e-02
-1.436404010914754149e-02,-1.519839202928010766e-02
1.084537413532387674e-02,2.040021603238864958e-02
1.050107702089227504e-02,1.835739631323907162e-02
1.082974578846976343e-02,1.941602787133671001e-02
1.084869183181044403e-02,2.029997099420228698e-02
1.086151739644997463e-02,2.001494839743695603e-02
1.085640217158700266e-02,1.862507965100670612e-02
1.083901180840075168e-02,1.932051869243602699e-02
1.086119918811473233e-02,1.968850981850664775e-02
1.081050653821432304e-02,2.045620199903313077e-02
1.084036755771015589e-02,1.911854082446059686e-02
1.083206961991428283e-02,1.997748337110137606e-02
1.085587013416784707e-02,1.981664277632106536e-02
1.086362535402647829e-02,1.993523228822893442e-02
1.083575573250477979e-02,1.945630576784676199e-02
1.087355056444709762e-02,1.911061241329074095e-02
1.084708329624563088e-02,2.040426486200140610e-02
8.000232016307872937e-03,1.829135167387759692e-02
1.087731342922034286e-02,1.905731321677539558e-02
1.088452313354905561e-02,1.859269274041208675e-02
1.029074266306378993e-02,1.943605861744580193e-02
1.086394528506273022e-02,1.963776498478326388e-02
1.082063162598017811e-02,1.989276731246224575e-02
1.087271321669640474e-02,1.929986893882876947e-02
1.085565783995834713e-02,2.007206693798289227e-02
1.045630741418151696e-02,1.865004160145823653e-02
1.069421167859556723e-02,1.992073733679934275e-02
1.081660726225615841e-02,1.966490546986671833e-02
1.086029659679934971e-02,1.990183344655854086e-02
1.084235372711384385e-02,1.889565026471503803e-02
1.082599497053552025e-02,2.034626632327049892e-02
1.086520150345063156e-02,1.934783977357721479e-02
1.080719370333960844e-02,2.036771734626672062e-02
1.084907940547395234e-02,2.010908712170112259e-02
1.087394998958985358e-02,1.915318923362825665e-02
1.085863094908118102e-02,1.991070148032281217e-02
1.084846362969033029e-02,2.039324294068794660e-02
1.086907163624486854e-02,1.950730394838583182e-02
6.218011715551261323e-03,1.613641604010482983e-02
1.080938602057012442e-02,2.042777176623065266e-02
1.030398074113830255e-02,1.927807986312283367e-02
1.087480105729559873e-02,1.913407977176800195e-02
1.076104505332290892e-02,1.930063256235207969e-02
1.086926709990132869e-02,1.950250429257887122e-02
1.083652503329064244e-02,2.037026521367627310e-02
1.086475648336584707e-02,1.965174743245924269e-02
1.084766401535069980e-02,2.043416186456605346e-02
1.081064637629102626e-02,1.893510963977811448e-02
1.086788557083493215e-02,1.950795834324843200e-02
1.087819453447968696e-02,1.903624050399766246e-02
1.080223882910552949e-02,2.013668684372283899e-02
1.083418541916532189e-02,1.982323286544965257e-02
1.083172890184800480e-02,1.955379782807793038e-02
1.088806438683231903e-02,1.858412274249872723e-02
1.085586848211447970e-02,2.002703364022466459e-02
1.086079774726885459e-02,1.983581804265751106e-02
1.087424816848456786e-02,1.899474755156477582e-02
1.087710340740985493e-02,1.908565194836091272e-02
1.085151844217372222e-02,2.021700594841073159e-02
1.082237232725453448e-02,2.029093476971391419e-02
1.084887061477567138e-02,2.037929484713120812e-02
1.086472527911634851e-02,1.965410262456222107e-02
1.083952765636684613e-02,1.979522895293832005e-02
9.637882919573941692e-03,1.018325484136502201e-02
1.084537557931970417e-02,2.035240132293298157e-02
1.087298039575542406e-02,1.872898791998257179e-02
1.084718724552552645e-02,1.971705527806132813e-02
1.086862144793262694e-02,1.877403085349281173e-02
1.084210602032921640e-02,2.044183528749598730e-02
1.085036832052223982e-02,1.925584368364171087e-02
1.040898448531779596e-02,1.864061885309741332e-02
1.083945979753118266e-02,1.889908862085502156e-02
1.082595160699384440e-02,1.800944174373146633e-02
1.064519174226243904e-02,3.499467055497670290e-03
1.086143688845810085e-02,1.922766309090489026e-02
1.083158012021157718e-02,1.972541778829940001e-02
1.081782984477028774e-02,1.994338826696026579e-02
1.080679477080410261e-02,2.047769724549910325e-02
1.089088598492976741e-02,1.916507990922927326e-02
1.038710492164027568e-02,1.542173062598593825e-02
1.085479507475411651e-02,1.999360120501630575e-02
1.091703380772697865e-02,1.880855952672940215e-02
1.085428688700998574e-02,1.876768707745147396e-02
1.085905900749418659e-02,1.967967523436066693e-02
6.990937702519447149e-04,-2.683288270022867947e-02
1.083355245791818924e-02,1.935064055794289903e-02
1.086812574077870505e-02,1.899378055211864078e-02
1.037600190990214596e-02,1.845095380938953714e-02
1.065982112951166516e-02,1.853438046767455841e-02
5.112114671006293565e-04,1.299750183315605441e-02
1.087223284056821823e-02,1.888492142332936705e-02
