-1.153924301965780842e+03,2.423636816798315294e+02
-1.114979409119433058e+03,3.915125253826835205e+02
-7.847806425993055655e+02,2.938438693223161522e+02
-1.130411817173741838e+03,2.240239297410061852e+02
-1.549636387270832302e+03,1.071608666962674192e+02
-1.073164585484827057e+03,-2.093173126345618869e+02
-1.212952883200371161e+03,3.576854014218980637e+02
-7.778609802624720260e+01,2.812080073732313963e+02
-1.225492691447669131e+03,4.817215942185094946e+01
-9.655831228036468019e+02,4.395743237727062365e+02
-1.265513361044681233e+03,2.490093919801244340e+02
-9.252569700773378827e+02,6.062566008384356309e+01
-1.337153238660536772e+03,1.139248261522177188e+02
-2.784885224829222921e+02,1.345097921905634450e+02
-1.179056212845021719e+03,-1.413243593223273251e+02
-8.032649312555948882e+02,3.707552963946920244e+01
-1.518569689671081278e+03,4.450017316612127161e+02
-1.284172161429199832e+03,5.121380080547631906e+02
-6.651764890574120273e+02,-8.102353601959361384e+00
-1.128725660854205898e+03,2.055445082906807954e+02
-1.270177290564477744e+03,-8.649493495683857702e+01
-8.986962940944571301e+02,2.834317289213853996e+02
-1.031133000226013110e+03,3.973605724726495509e+02
-1.931679825905182213e+02,-1.339722554052546002e+02
-5.084482587312342048e+02,-2.584769719440911899e+02
-7.777187043534405575e+02,-1.914312493363775047e+01
-1.305085388779255027e+02,-2.534730681465308635e+02
-8.460899716222234019e+02,2.956295871541140841e+01
-7.216767780444693869e+01,1.944771397543433693e+02
-6.777524039927087642e+02,1.727676748185392341e+02
1.932932605033480229e+02,-2.744290896147468857e+02
-1.445035952342295786e+03,1.756254528546953964e+02
-1.900916950093577498e+03,2.442908874300262312e+02
-1.080527978009967683e+03,-6.714207762971514626e+01
-1.826961752668337795e+03,3.468157721406423661e+02
-1.134763912961385131e+03,-5.368916176244194105e+01
-9.806063139730249532e+02,-5.227463834841672963e+01
-1.129954767364746886e+03,2.239708388599452178e+02
-1.799477795170406807e+03,3.711774473192127743e+02
-1.981302055450445550e+03,1.832274985778667542e+02
-1.479829944252249788e+03,2.712542054880914861e+02
-1.205215083082370938e+03,1.272226451976155488e+02
-1.046916817459346703e+03,1.506667512349386868e+02
-1.058409497901577424e+03,-2.620809049338300838e+02
-1.089824135378031315e+03,2.413094129115855253e+02
-1.446403083894158272e+03,1.414891274741088125e+02
-1.388419882469878075e+03,9.870730459830370762e+01
-8.432697102245937231e+02,1.713650184802367278e+02
-1.135113821971695643e+03,1.663028881758288549e+02
-4.895962136982533934e+02,-3.098412061611960553e+02
-1.435337423093268626e+03,1.545109774475258657e+00
-8.840739562264159304e+02,2.582209123342275348e+02
-1.226677738607773563e+03,7.032285989504180179e+01
-4.303409839891467641e+02,-2.154564603170321675e+02
-1.203454120699216446e+03,2.408809297941016894e+02
-1.317415012437151518e+03,-2.947751536200494726e+01
-5.701375386108378507e+02,-3.838781770925779711e+02
-7.636841656982767290e+02,-4.575866525571391321e+02
-1.002299632486387509e+03,3.606155817733670119e+02
-8.911315541567071250e+02,-2.470982440086231122e+02
-9.351224322399399398e+02,2.099939886515234377e+02
-1.399449071355188607e+03,2.257250063338562995e+02
-1.331940065809151974e+03,-1.281942604537426291e+02
-6.556182360491372947e+02,-3.098351363990595075e+01
-6.948451274528852082e+02,-2.779663754595272849e+02
-5.384273632112915493e+02,2.428266276492838571e+01
-6.952730965386328990e+02,-2.550841827407999745e+02
-1.568336323373599953e+03,4.275150245181332025e+02
-1.603930820693023179e+03,3.122514682146494920e+02
-1.153029073494707291e+03,-2.549133955598165642e+02
-1.275494888343015418e+03,7.539986266602507214e+01
-7.386375881637234215e+02,5.032474978955816596e+02
-1.344269243696266130e+03,4.426754352899831702e+02
-1.665373760363741894e+03,4.425002350813205680e+02
-1.317382246565961395e+03,3.055454003551007531e+02
-6.001234192360655015e+02,-2.428330020521819677e+02
-1.575973252234604843e+03,4.339445237415969245e+02
-1.445456915609509224e+03,3.362614182911710827e+02
-1.035638495813682994e+03,5.697764813639020076e+02
-7.182680830778371046e+02,-5.838920547681725282e+01
-1.392356860341204083e+03,1.336045202013715993e+02
-1.323332700956492317e+03,4.150205570234494417e+02
-1.518496034560229191e+03,-6.941088396193928034e+00
-1.416752077610767174e+03,2.933556789505672100e+02
-9.943792272679000916e+02,3.361146592827711288e+02
-7.840789890204583799e+02,-4.528309781513048051e+02
-6.428526553107301424e+02,-3.365101076262087787e+01
-5.969501108689437388e+02,3.016964677533615458e+01
-1.436593951519023221e+03,3.050934747490885570e+02
-1.347477684674290401e+02,7.128506707268358866e+01
-1.394217585237824551e+03,-1.168826971068012170e+02
-7.219387173303308600e+02,-2.910607378376682846e+02
-6.145606343040153661e+02,1.006098144748406611e+02
-7.312772393282879193e+02,1.400672847890236028e+02
-8.491255275641234448e+02,1.357606371681921757e+02
-2.317762230620157311e+02,-1.480245355294119349e+02
-7.953491783825157881e+02,7.697437338419594255e+01
-7.140869158620384951e+02,-1.375916772370896126e+02
-4.616067065638467284e+02,1.880643317617653736e+02
-9.457977756187628984e+02,-9.175710314369374032e+01
8.894026884579017178e+02,7.426950056088177234e+02
6.670854589681395055e+02,7.466776495145347781e+01
7.913640989775914250e+02,-1.193128414933329573e+01
8.001151635999025302e+02,9.828302122104597061e+01
9.148407653954487841e+02,6.757802811868461959e+02
2.132573041170000181e+02,2.188787594832438401e+02
8.895240059350519459e+02,2.577614600392521993e+02
8.283199177403615749e+02,8.621506298874161303e+02
9.382134694549134792e+02,4.869599199590563217e+02
1.926844285885404418e+02,2.756705129420201388e+02
8.411833673840548045e+02,1.325704779875816257e+02
9.029204239298115908e+02,8.014634276066093435e+02
9.218524258160147156e+02,5.627081467264970343e+02
9.528019235469171235e+02,4.183479823835029379e+02
7.789754035765337221e+02,1.447914079848401059e+02
6.705669019000821436e+02,-7.762268126513914979e+01
8.363091064783639013e+02,8.551462758641007440e+02
8.949732827116431508e+02,1.804014604367467882e+02
8.025558103144290953e+02,1.021929209201972185e+03
8.521196098343850736e+02,2.248216447810627301e+02
8.016906787705536317e+02,4.099799681354611494e+02
3.462334543570389656e+02,-2.585683736659984220e+02
7.778263153076186427e+02,4.419794494629616679e+02
8.980672042410063796e+02,2.780486789767393816e+02
9.042405231353950512e+02,6.628093081316859525e+02
7.631824478028290741e+02,8.452333867141963708e+01
6.149359849087695693e+02,2.461616657373350847e+01
8.670332256182331321e+02,6.656805420966270503e+02
8.180544643822869375e+02,9.195948806832807350e+02
8.862986241936602028e+02,4.474203096780200326e+02
8.556909527552111285e+02,5.742264182900821652e+02
3.927555869001665201e+01,1.013853501031000803e+02
8.683436183619105577e+02,5.827242977929748804e+02
5.876716322672465367e+02,9.341928258959451625e+01
9.359082955709807266e+02,5.047629595866155228e+02
8.499066122118733801e+02,6.823293303915538672e+02
7.904951571830811190e+02,2.001162106285346169e+02
9.079485928851985364e+02,2.366349254976840939e+02
9.192940624788851665e+02,5.476308823161276678e+02
8.579537503799715523e+02,7.176073925532382418e+02
8.747118083141007219e+02,2.097718963512516837e+02
9.267901982425872802e+02,7.615517030664866525e+02
9.172614969811372703e+02,7.039341103801555164e+02
8.779931343580910834e+02,7.158383376170132806e+02
8.776330581807179669e+02,8.755990744797503567e+02
9.371944639798305161e+02,7.034299738468871510e+02
7.017431164944845250e+02,-3.378646595988898049e+00
7.922868862589692753e+02,2.111813490536707150e+02
6.956144793868804754e+02,2.332921671350111410e+02
5.752000222435267460e+02,5.849853952794783396e+01
8.874457928145990309e+02,8.252013760961675644e+02
7.226153325079537808e+02,1.267796353622955081e+02
6.148970800505254601e+02,3.884464706208675011e+01
8.948857393166526890e+02,2.635344704339482291e+02
1.026272540118348161e+03,4.144048688866060957e+02
8.604377504630463136e+02,7.676707702447748716e+02
8.509446679073521409e+02,8.347513308606917235e+02
7.182282657350084492e+02,3.732526714774492689e+02
8.813635894146528926e+02,8.472124008141875606e+01
9.623021575316091685e+02,6.918999350634497887e+02
9.069918485368339134e+02,3.524031863834659362e+02
4.702518502427811313e+02,2.167130691766832484e+01
8.914493341813076768e+02,6.788657629520146202e+02
7.671632601233409332e+02,8.835775998898924399e+01
7.015210668673242935e+02,4.926617859143845521e+02
8.895204520960662649e+02,7.555292160150557947e+02
8.965599683121133694e+02,7.061657248566338012e+02
8.859572088086974873e+02,7.170154571899845450e+02
8.417483837521937176e+02,5.827908165086399777e+02
7.119950809296185525e+02,3.766775328186643605e+02
6.384258310564486010e+02,6.596552487385578161e+02
8.675052903709211023e+02,5.783072152479704755e+02
4.132003385096963939e+02,5.477707376263867900e+02
8.221411032498423310e+02,8.012525170014044988e+02
8.081181506451166570e+02,3.111426306788619627e+02
8.246464292298709324e+02,3.173757714809976278e+02
9.441933399087606631e+02,6.609363992245213240e+02
7.862557202918924304e+02,6.958513217247236753e+02
9.077938841624353472e+02,6.764350657370811177e+02
8.970415855092494439e+02,1.609489453939482075e+02
9.109142159363664177e+02,7.642699414331935941e+02
7.379173616847818948e+02,2.549202624202601442e+01
7.440984268989343491e+02,6.746275908186293009e+02
7.534637404741416731e+02,6.602003361320655017e+01
9.389215276729437392e+02,3.932678735104549332e+02
9.445288283018632001e+02,8.111352447493723048e+02
7.484712633366141290e+02,4.239123993823654359e+02
8.416068804067359679e+02,1.688472933763576691e+02
8.982147740294543610e+02,8.315334695801631142e+02
8.525407219178407559e+02,8.574929782344939895e+02
7.311826778504016602e+02,2.379976938908197894e+02
8.806518932410457410e+02,8.609157034901862744e+02
7.202695548172532654e+02,-9.980072466130033604e+01
8.791325791170027060e+02,7.448060755445726500e+02
7.708815159993844190e+02,1.036980274223322795e+03
8.089243575888052646e+02,9.774690417399135640e+02
7.935891092395049782e+02,1.249762229456045617e+02
8.169707207274594793e+02,9.510149339345090311e+02
8.192192064781270346e+02,9.038526582813942696e+02
7.673061044816472531e+02,8.666346708692952916e+02
-1.747162598377518918e+02,-1.544586035755474143e+02
-8.596696679520546525e+01,-3.632510415457593922e+01
-6.397769392655892489e+02,1.072731460297396097e+03
-2.669360878621308188e+02,-3.199346560614407053e+02
4.695299328899164379e+02,7.645438512061562051e+02
-9.556632426932948192e+02,3.319933288355931040e+02
1.692694056778210836e+02,-3.667003431718885054e+02
-4.989550754215790107e+02,6.246160949471577624e+02
-4.442235325039653162e+02,-3.699922065470769326e+02
4.520564329171775171e+02,4.616615717412132085e+02
4.665740759032086089e+02,-8.962327455295010736e+01
-2.972750288038862010e+01,7.282514048734434198e+01
-5.985886250472578922e+02,1.073629439599863190e+03
-2.217719885215100248e+02,2.591457106666584878e+02
-5.847916897514458014e+02,-2.230547370762521187e+00
6.853184560135498486e+02,2.109423341733893267e+02
-6.772744712823681539e+02,1.017104669260148057e+03
-9.935215813879699098e+00,4.629423990299013525e+01
-4.354428035069999225e+01,4.754545089502539099e+02
1.030705907076730767e+02,-3.444553789895370528e+02
-2.829107837100585812e+02,2.848434372631414249e+02
-3.790418308004445294e+02,6.371699588501222706e+02
-1.773818308431167452e+02,2.719432361079817611e+02
4.849089523562353747e+02,6.315981829820700568e+02
-7.958895511869884558e+02,1.598149651732737482e+02
-9.819269661982592368e+01,1.348135790631078521e+02
6.110758591104241759e+02,-4.375875647547138669e+02
-6.567335941008375357e+02,1.893658783485343520e+02
-4.949623153023057398e+02,2.210712944282464605e+02
-5.460126284795749143e+02,8.003139683685044758e+01
4.122547668797686242e+02,3.871410902789478428e+02
-6.924653059468138281e+02,1.817709065382349820e+02
-5.232908755661629812e+02,2.033199340352544198e+02
-7.468628534998126725e+02,1.125802867896447026e+02
5.066634515782412223e+02,7.824577646546840697e+02
-3.679007177726010127e+02,2.647828600678340081e+02
-7.216471288449695294e+02,1.401637233134549376e+02
2.823235231309935855e+01,2.561990163706760200e+02
-4.838405459252861647e+02,2.626148467320880400e+02
-6.517109831833912494e+02,4.252282554000909158e+02
6.524676515739686522e+01,7.013884965653986683e+02
-3.412847227488907151e+02,2.558703609082701860e+02
1.046859868854960354e+02,-1.292109116190723057e+02
2.668879244543984441e+02,9.424071445784736625e+02
-3.584885390307253772e+01,-5.755088847182955902e+01
6.847875555742309643e+02,-1.165597217172603166e+02
1.436228814831065925e+01,2.330339295983779380e+02
-2.691054784451191608e+02,3.388615715209709265e+02
5.531525436541670615e+02,3.443111858880914156e+02
3.733716765806987041e+02,-4.339156088113624037e+02
-4.820654621860605289e+02,2.562931251970310882e+02
-1.477764749190127418e+02,1.284616459691334569e+02
-7.043135392677933169e+02,1.951023300453806257e+02
1.990948764893892360e+02,-7.293993674938373317e+01
-9.639712650451656373e+02,2.618500209804395240e+02
-5.808533061444205714e+02,4.558943975796267978e+02
-3.575498945560721609e+02,3.799853178938251972e+02
5.836156639140440348e+02,-1.235750078631872526e+02
-2.453621030151268769e+02,5.295066610718056381e+02
5.839301486926746776e+01,1.378909271399548402e+02
-5.222600861007094863e+02,-3.375303471634679795e+02
1.748746943679882122e+02,-2.568583761254612909e+02
8.092969589386917733e+02,4.231868233066578568e+02
-9.204279683187859291e+02,5.660474495466585410e+01
-1.241968377060731683e+02,1.737764997163815224e+02
-4.673085071395270802e+02,4.539478576330183728e+02
5.599234134622683996e+02,8.049495429928642807e+02
7.643720669124123788e+02,4.435171403951819258e+01
-1.568017388676062467e+02,2.392851888129213478e+02
3.666623127741004282e+02,-5.238124200836593900e+02
-2.352756299619958895e+02,2.516328891998587665e+02
5.903366385207870053e+02,3.611847983223303231e+02
-2.326079884642155093e+02,1.560383063221676707e+02
5.739478818519426113e+02,2.455844151731469367e+02
1.915007414043999390e+01,2.181235034734381202e+02
3.851324233709996747e+02,7.060126127663376110e+02
-6.385122245935949650e+02,4.980021274516598737e+02
3.606302227178823614e+02,5.239211803659605948e+02
-5.208744747097713343e+02,2.893032159043216893e+02
1.114318931671507045e+02,1.161252096708620229e+03
-8.654936797502354011e+02,2.590276301455268140e+02
1.823406816743766967e+02,1.256588216148992245e+02
3.098443024960861862e+02,3.456043508892384466e+02
6.002952495246493214e+01,-8.409308266428791967e+01
-1.757226349595952684e+02,9.583800969823679452e+02
7.112639865951598495e+01,9.832790340368004536e+02
-8.473538915937702996e+02,1.401758198595418321e+02
-9.755969480276087680e-01,-8.508074400561736184e+02
2.891491847113964582e+02,2.226081540135358523e+02
4.465950517737214227e+02,-8.532386497665488889e+01
-1.609920654684481747e+02,1.576700713096980735e+02
-8.713928295214820992e+02,1.362922015396593700e+01
-8.157840576894583364e+02,2.912672003651304564e+01
-9.502072621355951014e+02,3.231761856235588652e+02
-5.193832857132246090e+02,3.846616027961412954e+01
-3.393481609267251429e+02,-5.001445995524873922e+01
3.480775441918200954e+02,9.102696495114729487e+02
-2.717757051511026134e+02,6.534680138529711257e+02
-5.610205099584012487e+02,2.378186307798614507e+02
-1.065981545420866951e+03,5.237687423102775028e+02
-5.543148596329750717e+02,5.793412173715180415e+02
5.132162104053718110e+01,7.119308001480275152e+02
-1.481240927432880881e+02,6.658219542230749539e+02
-7.453004328218324872e+02,8.213484740684543794e+02
3.882927366052389289e+02,-6.884434059153727503e+01
5.599417573992224106e+02,-3.505353044371240401e+01
-3.270311519563188085e+02,9.278832309344452369e+02
2.399889514432403104e+01,5.863547723567830872e+02
5.043746861626243572e+01,2.679739314332264826e+02
3.208012908751118175e+02,-1.554563314020269331e+02
1.916131306429256256e+02,3.450837589655890838e+02
-3.281749823486515538e+02,8.326441504097341522e+02
-5.996865067088402839e+02,-4.550886742769610294e+01
3.556776483656667551e+02,4.001267157913281949e+02
-9.894597095217552862e+01,8.695641485584279735e+02
4.117234503833796566e+02,2.907497373417165818e+02
-1.925891013349285288e+02,6.062072104212095383e+02
-3.849727386213689897e+02,7.407339751330471245e+02
-6.834261536962468426e+02,4.730221570986449819e+02
-2.453480898675572917e+02,-2.014440615918074968e+02
3.082952644959165696e+02,4.570894339788023899e+02
-1.791172026216385973e+02,1.810570605226408247e+02
-2.275913153315366912e+02,-1.079779919831855750e+02
-3.396555268191651180e+02,1.042200638117535618e+03
2.742738463653502095e+02,-3.437895701043656800e+02
-3.261700508680587518e+02,9.023798282580628438e+02
-6.543337039052377122e+02,1.005918605815312048e+03
2.616853667385985887e+02,-2.946042685289572773e+02
-8.673352403216500761e+01,4.272463143568717783e+02
-2.146779703281949878e+02,9.432687088223249248e+02
-1.146530109340140342e+02,5.034014093535996039e+02
-3.773329896631749989e+02,7.538769536447397286e+02
9.426200910554960899e+01,8.978343190836847043e+02
-1.388179566168716406e+02,4.967378800353612860e+02
-1.871592960499095000e+02,7.636357493309667461e+02
5.183058129729509744e+01,8.343825520677701206e+02
-3.247732078243153637e+02,4.741738508697151815e+02
-4.657601784740876383e+02,9.077933732146552757e+02
4.824387518448504011e+02,2.180575150042890584e+02
-1.564663593777445669e+02,6.928906599173478753e+02
2.899204157243923987e+02,4.484636345027046218e+02
-3.387543856844224024e+02,7.598087507636904547e+02
-3.884088048165761506e+02,3.625029002312265334e+02
-3.188714521493674070e+01,8.490486760628540424e+02
-4.529591239486763925e+02,4.189130388249382122e+02
3.092011916460412522e+02,-3.170354809208712368e+02
-2.172438636255057531e+02,3.656474987699911594e+02
-4.743521680994728484e+01,1.444946312693093660e+02
-2.774073865563434538e+02,8.525468322595562540e+02
-6.234414124504802430e+02,5.042188393544182077e+02
6.551370579910601464e+02,-4.796316623710832232e+02
2.051122055495627023e+02,4.631220337802096054e+01
4.532198247044821642e+02,5.286270356050058439e+01
-2.195843294726648764e+01,6.545072262310384303e+02
-2.362392078126677291e+02,5.584521216974727622e+02
-3.141032931702523570e+02,6.356864380025452874e+02
-1.792322880416383839e+02,5.363430706831453563e+02
6.026291912712292742e+02,3.310147329351078156e+02
1.386798307516955830e+01,4.822237922785960791e+02
1.155262932464215027e+02,5.829496968873134222e+01
-1.155733279405095999e+02,6.235578752543985814e+01
-4.106336269765898805e+02,4.594938223861649362e+02
-2.235755255123751226e+02,9.967518602924629079e+01
6.265773689148129932e+01,1.424260146097938389e+02
-6.122220643465792591e+02,4.296131464504307473e+02
-3.880780428956514925e+02,8.843141934280286023e+02
-1.618391772829948536e+02,8.204110869647374784e+02
-2.791325772490965846e+02,8.120810147404598638e+02
-9.891314278437607754e+01,8.221650526676746722e+02
-1.782647819356951118e+02,8.567676792575599620e+02
2.371466697723170682e+02,-1.821327000379407650e+02
-2.303537530582761406e+02,8.375030035225233860e+02
-2.614468874467335695e+02,7.208954186606532630e+02
4.492830994851634046e+02,-1.069031325688168721e+02
-3.941437748184165457e+01,7.649218038282708676e+02
3.969720882884862334e+01,7.269874042959414737e+02
2.763274925204901251e+02,6.222950796224257601e+02
4.474313854126919523e+02,2.736341548560823185e+02
-4.044061507411913112e+02,6.983921872363923740e+02
-2.705965269426293389e+02,7.574684755543750043e+02
-3.657780995758067206e+02,8.512494900487943141e+02
-5.227537132684348080e+02,1.233503927724846790e+03
-2.724519476362907611e+01,4.974831098616303393e+02
5.455566280077772490e+02,1.087620488364830749e+02
-3.148871350648670386e+02,5.572204382189361240e+02
-8.708059955669282317e+02,6.718578284891279964e+02
-9.875468873575977113e+02,9.619664080461097910e+02
3.319541451892154527e+01,8.878513902908410671e+01
1.549383171910328656e+02,-2.410602302508189609e+02
-5.051577082778334784e+02,9.571595008988355175e+02
4.557069960116957930e+01,1.328932517714377752e+02
-3.680124934053058041e+02,6.090590275436123875e+02
-2.357342298870082402e+02,5.611291185306927218e+02
2.092027648279584753e+02,-1.181442692561491299e+02
-7.062748613167480016e+01,5.870066501254115110e+02
2.783024332873072808e+02,1.236081409765197634e+02
-2.142189124831623701e+02,4.117787609350729667e+02
2.480061038580780348e+02,3.187357197416483245e+02
-1.877466286721388826e+02,5.476632967610659080e+02
-1.065231493230090791e+03,8.852676298525791481e+02
6.452445560415010561e+01,-4.573839982573134648e+02
1.891619533665532060e+02,-4.637098537177968751e+02
-1.602221059150670897e+02,-4.337023845408697866e+02
6.767385809140898800e+02,-3.762585724733638131e+02
7.216477708665066757e+02,1.006956706010788167e+02
-7.113007727225659949e+01,-4.706844012639939479e+02
-2.446002738574458135e+02,-5.724048101674636655e+02
6.329213130731375259e+02,1.225093580430083620e+02
-5.771366254532247240e+02,-6.967696975387837028e+02
-1.049883172635362314e+02,-9.166754746783174141e+02
2.698110066006779562e+02,-5.624717708981413580e+02
1.166435845223873287e+02,-7.760708816730707440e+02
1.575992524597247098e+02,-3.666251524327128664e+02
5.173463281708875172e+01,-5.581196855129744563e+02
1.536421389530467820e+02,-4.960061366053047891e+02
3.722372804078052013e+02,-7.167858446640057082e+02
2.419841638578307652e+02,-2.249328109675783480e+02
4.352101049456121586e+02,-1.741052561809703150e+02
-3.694692940707973321e+02,-6.291641599920365024e+02
3.720183979963703109e+02,-4.841774249615204440e+02
-1.372771753609702614e+02,-8.241836911605430487e+02
2.974379064051353794e+01,-6.380019291544488169e+02
-4.099926166571652857e+02,-5.656340008130548540e+02
9.719679099566057801e+01,-7.719168328700710617e+02
4.550976548744309014e+01,-7.347962687441012122e+02
3.800553126392314880e+02,-4.333594882644581503e+02
-7.765491016492896392e+01,-7.906621194206228438e+02
-1.443011108897379131e+02,-7.483570084172920360e+02
2.555303010360183578e+02,-6.115550681020457660e+02
3.552125050329221949e+02,-3.024789502050107330e+02
-2.954834525146852116e+02,-7.249034455792036624e+02
-4.347082559761413734e+01,-7.709607350391351019e+02
-1.694001069840074649e+02,-6.769917257651227374e+02
-2.742379520918962399e+01,-8.674296824870407363e+02
4.560320033986106409e+02,-4.749642394303243123e+02
1.402399342080344127e+02,-8.445140628649156724e+02
4.707790035880155983e+02,-2.263500340893469343e+02
5.870806365697703768e+02,-5.020783412628266547e+02
5.780127301974810052e+02,-2.335632859479606509e+02
1.784680056788487263e+02,-7.997738503190104211e+02
5.174824571886107378e+02,-5.316320433914394243e+02
3.506190539899730538e+02,-6.320969842515642085e+02
5.082809387443311948e+02,-2.953424943099306574e+02
-2.708115567496575977e+02,-8.452720619912223583e+02
-6.960682324820861311e+01,-8.144240807849470229e+02
7.484471066448837746e+02,-2.837943330215996411e+02
2.150395263010790075e+02,-6.884719054940575234e+02
5.702065673205317609e+01,-7.982369167394604403e+01
-7.373481487286588276e+01,-7.497855132690855271e+02
3.931057633170646568e+02,-6.997553203176261150e+02
-8.790657219848162640e+01,-9.130967095473300787e+02
-6.561365025033734355e+01,-7.454319461583969542e+02
1.772136568405220203e+02,-6.346020248626135754e+02
1.857978984949895391e+02,-8.084084982338180225e+02
9.684735276112780511e+00,-9.043753519710417095e+02
7.655009777966041895e+01,-4.615575816605298201e+02
5.391918351373541327e+02,-3.587206413232945579e+02
2.245181157990331542e+02,-9.252740978227243431e+02
4.394510899774033987e+02,-4.167800523568394055e+02
3.152760906017282423e+02,-1.477841530084709234e+02
1.913069317358724675e+02,-5.061818307105692725e+02
-4.273043333549870795e+02,-9.928804241954542249e+02
3.900090720701849705e+02,-3.669056601274083391e+02
-2.002516558657156764e+01,-7.667619348643166859e+02
5.454652871945323795e+02,1.022842474611273218e+02
4.990425311703877043e+01,-6.406599024124014932e+02
-4.532479107095626887e+02,-8.901456419097788739e+02
-6.799743058281063668e+01,-5.853974417525682838e+02
4.002325812677763679e+02,-3.124806187595164033e+02
-8.282684683164663397e+01,-6.113270119595019878e+02
-3.003355518078985256e+02,-7.941955442200090829e+02
9.825151371000156075e+01,-6.221670278189412784e+02
3.637476841199606952e+02,-3.573901071711742929e+02
-6.889776132343331483e+02,-1.060334268834775912e+03
2.285218926438151641e+02,-5.151497307752598545e+02
-5.871184516493291312e+02,-9.155764943008184673e+02
-4.394701148237139705e+02,-7.973825329147958882e+02
6.502454336022518646e+02,-1.671330467565680920e+02
-2.094321294686799604e+02,-5.885780628916278374e+02
7.103723976375040365e+02,-3.160905244297416061e+02
1.109289087664768836e+01,-7.882093938264060853e+02
-3.396126014011547767e+01,-7.734892345670135683e+02
6.544408401258837671e+01,-2.785771884978060484e+02
1.789061073656259566e+02,-5.700095533728019745e+02
-1.448222795884332470e+02,-4.154503852362275325e+02
-3.366692587503163168e+02,-1.169264743324875781e+03
-1.678492153754752891e+01,-4.778410692991906785e+02
4.148546851562175419e+01,-5.942825250465225508e+02
-3.586772787426187392e+02,-1.180934408615963775e+03
-2.322325279363933532e+02,-1.059048528201106819e+03
-3.282433164267047232e+02,-8.270343086501668495e+02
-4.124274130630340665e+02,-7.075389163404081501e+02
3.611217077886118432e+02,-3.748480169610613189e+02
-2.731743129724271171e+02,-8.197349044422827546e+02
-2.396192914699251162e+02,-8.610267752129270775e+02
2.227254022253891605e+02,-3.619216514757186474e+02
-2.144865225865923151e+02,-7.596884636978608114e+02
-4.251805222468448164e+02,-6.544488650496739410e+02
1.103902274076341712e+02,-7.098542163668547573e+02
3.321722343502126478e+02,-5.760183968289088625e+02
-2.147911215522341593e+02,3.596135657380983730e+02
6.538337190069402141e+02,1.689695260206212026e+02
5.427520624694502658e+02,2.228101498086761012e+02
1.402000263528859705e+02,2.412473435869428897e+02
5.826731557805157991e+02,3.577839979328319373e+02
2.761552434980883959e+02,-1.790748680773488672e+02
3.991373819448716631e+02,2.157814327896199131e+02
-6.050831203256329900e+02,5.181140146650459428e+02
3.595972303085939075e+02,-5.546137084256181282e+01
6.966088624797866942e+02,2.250079184809814876e+02
2.538264947148593933e+02,2.545990265063993547e+02
-4.548414054912527149e+02,3.453114104752987714e+02
3.508268841823621642e+02,2.223557536209526475e+01
-3.948473669696153365e+02,3.316291944555040914e+02
-3.517999629003486461e+01,3.337121742080887543e+02
-9.134463500330430463e+01,3.164987951672811732e+02
-8.103024888275429021e+02,4.009898005976193502e+00
3.000683409730996942e+01,-1.188837051670391531e+01
-2.660572704117634544e+02,6.038329577072775010e+02
-2.472986621384372796e+01,2.903818451262287681e+02
-4.363116283608394497e+02,3.950862094608734196e+02
-2.906147179431312111e+02,3.160736182086363897e+02
4.226219517054057633e+02,1.177557674846338784e+02
-4.202356370046606457e+02,9.505412009955188068e+01
1.653504702892251998e+02,-8.466788873233616641e+01
-7.319985198600363674e+02,-4.297439665342583481e+01
-1.460452585556086831e+02,1.648183933745608840e+02
8.436569576170722939e+01,-1.388305466126429621e+02
5.929394470386772298e+01,1.266133496436536063e+02
-4.148349859381060867e+01,1.922165102774425520e+02
-1.137794817340233351e+02,1.587028473625419451e+02
-1.207175186218970282e+02,2.120972451379588506e+02
5.789026000781072980e+02,5.103055388162771777e+01
1.474605365803245149e+02,-1.041682520825656582e+02
2.967307723653963194e+02,-1.090374616737060043e+00
5.290819875437872497e+02,-5.274004246230531834e+01
-2.636517328381729044e+02,-1.914432476213440992e+01
-3.941203120323668259e+02,-1.152156984042097605e+02
-5.109023722949084458e+02,3.988758137853769199e+02
3.932926599345287286e+02,-4.317198238929680798e+01
-7.875076460505279101e+02,7.927735515790446925e+02
-1.531146581265967654e+02,-3.191943796611266748e+02
2.694030306366983609e+02,4.160066571932661361e+01
7.912181811796263275e+01,1.380443034641210716e+02
2.331785915494497274e+01,-2.244047505456761087e+02
6.197757596051709470e+02,7.106700272811282559e+01
2.786522961302002273e+02,2.462687370503260240e+02
2.972327775323378773e+02,3.165616460793735882e+02
-6.163859874420069218e+02,6.166139661335329265e+02
-7.421464587515185940e+02,-1.007099550138101449e+02
2.114671727802826808e+02,4.101559535192655659e+01
9.923047068355248257e+01,-7.022272035309848661e+02
2.068097675738280259e+02,-3.494385684749117331e+02
-1.106073421314573125e+03,1.874910116668594071e+02
-6.413934947852277446e+02,8.789470303633707715e+01
-3.018781595650444842e+02,-1.115744485492197491e+01
-1.172817873989008746e+02,-1.451034255700533890e+02
-1.096270625815723605e+02,3.615491316648843281e+02
4.156942912378710844e+02,1.906314299862124813e+02
-7.592804432924950788e+02,4.202482481863426642e+02
-2.279307137140800990e+02,-2.084382415843654712e+02
-8.555100334473919474e+02,2.594745933603874164e+02
-1.090112656232102609e+03,3.470985035175067992e+02
-2.772110942946711134e+02,-3.113841740083860259e+02
-1.506287004092973518e+02,2.756417511107233409e+01
-7.565923137446719693e+02,4.094777872877615437e+02
-9.345113445156256375e+02,3.759706175777896533e+02
-3.268099174036170211e+02,4.046818501142142281e+02
-4.702771525249049773e+02,4.434226429655268475e+02
3.275812796759739740e+02,6.701968426552994629e+01
4.250787906820354465e+02,-2.871240023160806345e+02
-5.349214686367259901e+02,3.521403249092987835e+02
-3.539058068457867989e+02,3.905375417401995151e+02
-7.934952842097541179e+02,5.439650085409900839e+02
-2.782565791304692837e+01,3.508699704949921738e+02
-3.328499423160862420e+02,2.014321582222514166e+02
-7.440358538466188065e+02,5.962213430827190450e+02
-6.687984276951011680e+02,4.823654499715404427e+02
4.812286413177795907e+02,-2.215841865586590487e+01
-3.324512262876385194e+02,4.418082260831031931e+02
5.671691934929222043e+02,-8.961145985515830148e+01
4.669672540902294888e-01,6.006790762169801923e+01
5.819221791535410375e+02,1.244433283690647016e+02
-5.290946842668387262e+02,8.589117423987954680e+01
3.017812244807769844e+02,-9.576358133335473610e+01
-2.778508848771501789e+02,3.332174323949960808e+02
5.269578288977813827e+02,-1.290155997843470459e+02
-5.250150330138021673e+02,7.421323070483414313e+02
-5.043133958812812807e+02,1.592570162101116580e+02
1.118410169817294531e+02,5.731688557948835978e+02
-2.692128589051394556e+02,2.021488043962619088e+02
4.405569229709576007e+02,6.325019428764586138e+01
1.642332021454604103e+02,-3.764518939050597055e+02
-1.206240603603612840e+02,3.881649875998946868e+02
-1.593927856454936602e+02,3.051257402339998066e+02
-1.882884152769922821e+02,2.899509150293072821e+02
5.551193259814069592e+01,5.063734274014683479e+02
-4.119032881918066664e+02,3.690803023199993049e+02
4.409600025150640477e+02,-2.126776102607994900e+01
-4.236948464250559141e+02,5.379681482640163495e+02
-3.342186259520744898e+02,-3.672485873019088558e+02
1.371350307874246823e+02,2.468362498120758364e+00
-3.543117537883321688e+01,-3.730234846188050710e+02
-1.503643635273789130e+02,4.719773304741588760e+01
-3.654672509695769804e+02,-5.181348578785982681e+02
-4.257571218819692831e+02,2.817580367510113319e+02
-4.622009458118745329e+02,5.382355449730096808e+01
-5.916920736456648910e+01,-2.118016603406394083e+00
-3.227502796909155904e+02,-1.638423634684677381e+02
-6.238445430812508903e+02,-4.779306134602622933e+02
-3.367393169952790686e+02,6.861142423162976911e+01
-4.730857796537270588e+02,-1.147948479451682857e+02
-3.110011121060182973e+02,-2.430001855046456001e+02
-9.095638367463165253e+01,4.226810334257775708e+02
-5.301838843965881232e+00,-3.377593501781772716e+02
-4.815737765033508140e+02,-5.137767240539479872e+02
-3.624992496187682605e+02,-1.910167407496718965e+02
-2.814435751373412131e+02,-1.922612064998308767e+01
2.352719825687672710e+02,-1.700249269967784755e+02
1.809067953937513096e+02,-4.303272228558221855e+02
-8.367770160467468088e+01,-1.094393080736853818e+02
-7.122569438692903532e+02,-6.158751378459003263e+02
-1.640702985496425015e+02,-5.626214377712727810e+02
-6.154886893858808889e+02,-8.101622643315427013e+02
6.420802878313606925e+02,4.922313737245549987e+02
-6.884562521153154648e+02,-6.725233753066953568e+02
1.100158923663272645e+02,4.728328264994457300e+02
-5.887023927629585387e+02,-1.184856626280907221e+02
-4.439490872919250819e+02,-5.752880196332226888e+02
-2.200264301913471172e+02,-4.671181509085584338e+01
-6.364127225227877034e+02,-6.377862263055690164e+02
-6.323088554789875388e+02,-8.542249183912963417e+02
-3.943008765883495244e+02,-7.207907727116314618e+02
-8.204263611547421533e+02,-6.912950258337150444e+02
5.220645733590514510e+02,-1.829304038311955480e+02
-7.751877978478335081e+02,-4.832681911629584874e+02
-1.359319171312277774e+02,-4.749653548761601769e+02
-5.556188488650050203e+02,-6.145047092135432649e+02
-1.190555667490371263e+02,4.410749070885904644e+01
-3.972582929588292586e+02,-7.015334004352342845e+02
-4.880985813915694962e+02,-7.125529827026953171e+02
-6.385897880554720132e+02,-2.147965307443941185e+02
3.209684858673443841e+02,-1.277750624293249757e+02
-5.432665835385733999e+02,-3.862931620185446491e+02
1.779265874445701456e+02,-8.351877569297479909e+01
6.500150304950879843e+01,-5.841315867865087057e+02
-4.713871836552788608e+01,-2.456632671212350374e+02
6.535399647036362580e+01,-6.084177806771434689e+02
2.450013327534269365e+02,-2.710022097894460558e+02
-4.014660408229052564e+02,-2.808426143614657917e+02
-6.549394430965679703e+01,-1.771534946274328490e+02
2.527722266138145812e+02,-5.183709496866023301e+02
-2.685520647620438695e+02,5.023617628646327375e+02
-5.996138645080520746e+02,-4.956418391584223286e+02
-3.961688433085968768e+02,1.714294057348324998e+02
-2.416170178191021307e+02,7.832620344200087459e+01
4.971596600095531358e+02,1.801104351511719699e+02
-2.726835257524094231e+02,1.193471640082388348e+02
-4.379894127877339116e+01,-2.983182197338761625e+02
2.495463764918766856e+02,8.978000479757771757e+01
-4.166482466033674541e+02,1.768740163899126969e+02
-3.447088343549487490e+02,1.792771967470762036e+02
-1.123032071362503302e+03,-5.875040293499347399e+02
-9.936981733862130568e+02,-6.806283229743792162e+02
-8.781743016452827533e+02,-3.034714878743859572e+02
-6.018218795106060952e+02,-3.600944180115189397e+02
-6.974521264657088295e+02,-3.848200022602726644e+00
-7.229063279950212291e+02,-3.919110039342455707e+02
-7.216556377294710956e+02,-3.461494298056046546e+02
1.199317391224788736e+02,-6.267856964620597182e+02
3.812010217221158541e+02,-3.922269594271010646e+02
-3.806097473716749278e+02,-3.056978157947254431e+02
-3.331288016030109702e+02,1.008153548614516239e+02
-2.578016981550754849e+02,-4.886086694550683092e+02
-6.124999936120511279e+01,-2.162179602359330488e+02
-3.472006960871840988e+02,-2.698408154141316686e+02
-5.465651479916364224e+02,1.322487378896981625e+01
-7.683602014503305782e+02,-1.766950188512424802e+02
-4.549017980375360821e+02,-4.907253961590400593e+01
2.440132109297970260e+02,8.204494596962488728e+00
-1.880052892933048554e+02,-3.148298681477475611e+02
6.186550419463391108e+02,1.333417728182784572e+02
-3.830215922062028540e+02,-2.971808942097306954e+02
-5.047225169783778256e+02,-2.284341977038963307e+02
5.894590662185389647e+02,5.342499936364876412e+00
4.416984556572975862e+02,7.976289360124816596e+01
-5.925211368248434383e+02,-7.262213214786563640e+02
3.045737437667837071e+02,-5.830875262228480693e+01
-4.671844402573032085e+02,-4.454243538831543958e+01
-5.280552441878321446e+01,3.263533594499867263e+01
4.809414237710000606e+01,-1.447653089391108061e+01
-5.494190290412961986e+02,-8.341395964038505326e+02
8.144714555459682970e+01,-8.115229784100066013e+01
1.706541188550043842e+02,1.312194613618123356e+02
-6.523375202391976302e+01,1.066528553662605674e+02
-9.206300918154559554e+01,1.648635036646856804e+02
5.408796587801404030e+02,3.436004249180341503e+02
-7.496135549886882927e+02,8.834824319065832299e+01
-3.344463766257933344e+02,-2.869032469127730565e+02
4.473888186804242650e+02,1.799737468276524908e+02
2.163772730437260634e+02,-8.102507397029644380e+02
7.102959789430758519e+02,-1.199426586268153443e+02
4.347986553937690815e+02,-5.472499984486362337e+02
7.670901515326925164e+02,-3.505697414317416474e+02
-1.966341996157695178e+02,-9.802647107928617061e+02
4.236968250646030469e+02,-4.346321312674770070e+02
5.214224260399687410e+02,-1.797614991585531357e+02
3.087228667274808345e+02,-6.702729138352062819e+02
1.523119756490483780e+02,-6.355888736364389615e+02
7.006682049657806601e+02,-5.077279880763548476e+02
2.085711966644672444e+01,-7.009824056655687627e+02
3.685116825169664025e+02,-7.549251397249350930e+02
2.418055497945206582e+02,-6.954173990777060226e+02
6.770861563266349776e+02,-6.950294686739729855e+01
5.958976702269296766e+02,4.771603631269640289e+01
3.940957408474402541e+02,-3.722207478108644523e+02
1.363131166799063578e+02,-5.093002396767871005e+02
7.831433245308543292e+02,2.423650972208310463e+02
-5.389140333126797344e+01,-7.707398959011768511e+02
3.421102025838801097e+01,-6.661398078332582600e+02
-1.362959048654452090e+02,-9.766978745282299315e+02
6.085260513713410546e+02,-3.485298566938452609e+02
-1.267292055308453484e+02,-8.533255166427221639e+02
9.000710825963517436e+01,-8.105598720202624463e+02
4.601383293535484995e+02,-5.349139945811317602e+02
2.003367637150659561e+02,-1.077443229856590051e+03
5.952711643361607230e+02,-3.272132334604358448e+02
1.668184431829567131e+02,-9.733508321922416826e+02
5.239651685866082289e+02,-7.109573588862269844e+02
2.551380776280061582e+02,-8.990171085921938356e+02
4.342167297142789266e+02,-6.577516694661100018e+02
5.079122040712350667e+02,-6.185663894798483398e+02
2.934119414999974538e+02,-7.750618299159323215e+02
1.648669317421218068e+02,-8.706548393859767430e+02
-2.267307064698943861e+02,-4.978552806114873874e+02
5.824158727885576781e+01,-7.927795397031205766e+02
3.419805758156117577e+02,-5.097432481397993342e+02
8.092267401336831654e+02,1.488184795490450654e+02
-3.544415664492612450e+02,-9.183268246802462045e+02
-1.412908809265455830e+02,-8.933612461098944095e+02
5.718862245264817830e+02,-4.580747576215545678e+02
3.535229940180069548e+02,-7.308293669203299032e+02
4.730360624032472288e+02,-5.178352363794894018e+02
8.167871665796973275e+02,-3.065454886022989740e+02
-1.934328055542258937e+02,-8.508029891032441583e+02
2.621470187485959968e+02,-5.962349171533306844e+02
-4.332544887092024055e+02,-8.654909633901439747e+02
-1.329460867578194723e+02,-5.120800888121781327e+02
3.193165991154965013e+02,-4.160398598953434544e+02
6.625572003658768381e+02,-4.807333318771477479e+02
-1.485927255068314246e+01,-2.602054258743820583e+02
2.781511543344932420e+02,-9.089341055632449695e+01
8.588775583502571465e+01,-8.174615144192098342e+02
6.254878846058758199e+02,1.472697043998055335e+02
7.911590173299429125e+02,-3.459651605949907207e+02
-2.709131530068997904e+02,-6.582416468074789009e+02
1.382357817678691845e+02,-8.801410962328636742e+02
7.797997260581785213e+02,1.955191275397556012e+02
4.493757777971654832e+01,-6.551904629472269335e+02
3.516306986962166548e+02,-4.704832057820287332e+02
4.357751456228830307e+02,-1.297706604914302773e+02
3.959512476595555768e+02,-4.851771256554706042e+02
-2.145034550498175179e+02,-9.859510973268816088e+02
6.899604448088475692e+02,4.174831099173869688e+02
3.487440516793789129e+02,-4.136091228717139074e+02
4.276714446812205779e+02,-6.263374714317893677e+02
-7.190597909152781142e+01,-7.787084765252241141e+02
7.774053696984692579e+02,-1.150173720450782611e+02
6.000786310359136451e+02,-5.177423357984209815e+02
-1.131874171109200233e+02,-6.545905940632146667e+02
9.085877413920663912e+02,3.337115558490154967e+02
1.522402310973568547e+02,-4.409008535230744315e+02
6.412098434950972887e+02,-5.805443625415136921e+02
1.647420217048332916e+02,-6.753183499342874256e+02
3.191069801657679932e+02,-5.284357042265730797e+02
-1.514519412899222743e+02,-9.458690817130742516e+02
1.009725632019852384e+02,-6.652029132710963495e+02
-1.563401788558572392e+01,-9.040154203557133314e+02
6.793622560505807542e+02,-4.627285325509366487e+01
3.459726734640067889e+02,-7.193466960839587045e+02
4.777296218923167430e+02,-5.762320602122762239e+02
2.523675932466718450e+02,-5.302867432736284172e+02
4.507591465999090019e+02,-7.695283110768721144e+02
5.474601615524176168e+02,-5.679220380998240216e+02
5.544685986771081616e+02,-1.197053434225583715e+02
4.834067373290654928e+02,-7.097779335196547663e+02
4.162556504578967633e+02,-2.887231240024574959e+02
1.505751917162182849e+02,-7.126876097748854590e+02
1.064916967774587562e+02,-7.049306914850259318e+02
7.263869458345300245e+02,-3.836829556196007616e+02
5.204828752178884770e+02,-4.597808225531139783e+02
3.192060575206611475e+02,-5.961311175507411235e+02
3.311351198295236600e+02,-5.884329843123986166e+02
4.688268694172581945e+02,-5.733056982791276823e+02
-2.966154549944218957e+02,-9.262725191548630619e+02
8.417822796780677663e+02,2.891714057184411786e+02
6.001195324169721061e+02,-5.312351769531439913e+02
5.541496602473667963e+02,-6.282746225498988224e+02
2.126176881661932612e+02,-8.668730463078422872e+02
9.192734405869320824e+01,-6.270103657540958011e+02
4.044827515603715256e+02,4.697600647727916225e+02
1.114975505807009313e+02,8.472606341013906786e+02
1.935906449863132650e+02,5.511713321779038779e+02
3.667084727954328400e+02,1.051024812877656984e+02
2.599466678723804876e+02,8.920319593390273383e+01
2.057443057508489517e+02,5.844306241743726105e+02
2.404313408404125312e+02,2.569917222017552376e+02
1.804939110448004840e+02,3.548498426530543952e+02
1.568376983858894391e+02,7.118033026308880835e+02
5.755259428654952671e+02,6.472695589987407629e+02
4.444516664743541696e+02,2.215183378285110507e+02
-6.417115671282670064e+01,6.734624421769235596e+02
3.761695431284815641e+02,-1.178927674950279396e+02
-9.183739932379468840e+00,-2.547102287303722790e+02
3.919191683978829701e+02,6.201169566802602731e+02
1.760595918397220032e+02,5.143311548810261229e+02
-4.886611729619559128e+02,6.469371111652279751e+02
7.590070522833015048e+02,1.962473352324445841e+02
-1.214071456579477513e+02,6.872806716235891145e+02
-2.091761826788284111e+02,3.519179499697489746e+02
1.596015543561505012e+02,6.672201857337280444e+02
5.885814794910791079e+02,4.594874634860994433e+02
-7.257121765108963451e+00,-1.277374565420813468e+02
-3.019889592038313708e+02,4.322041242366040024e+02
1.445542974492129531e+02,6.492054344711309568e+02
4.760949123630763324e+01,5.481244269882993194e+02
-4.108782307357954551e+02,3.600934249214660667e+02
4.678556537857105013e+02,4.210238447020747117e+02
-3.508547741187986624e+00,1.850114589475888636e+02
1.021793520665007833e+02,5.805587839295673120e+02
-2.104416598536938920e+02,4.833222679495473244e+02
5.120665423058834875e+01,4.471450992818732288e+02
6.471583222292618984e+02,-4.848494567536960176e+01
1.232840359696352692e+02,3.583751479750770272e+02
2.800488772031894413e+01,4.320755059842265950e+02
3.576011331334323131e+02,3.467393458962534396e+02
-6.694588696866473754e+01,-6.572174237345948633e+00
-2.097519404395261802e+02,1.353804451518062990e+02
1.009509455411282772e+02,5.546969510828027978e+02
3.519621476154885045e+02,6.570933638062117552e+02
-1.983606734300911967e+02,2.933115981048874232e+02
-2.522099119469295374e+02,-1.226656322880578358e+02
3.574818345682982681e+02,1.041487662933271281e+02
-1.420068995474861708e+02,2.226239158946595751e+02
2.009646177945317334e+02,5.670170819119714452e+02
-6.798960015768061282e+01,7.597011074656373921e+02
1.231286124139896856e+02,5.225769483229167918e+02
2.850038502047474935e+02,6.394832295779177684e+02
1.432414115668094325e+02,3.020085412292977480e+02
-8.881101051185083861e+01,5.585434700419164074e+02
1.354960668797506003e+02,6.762641874980708678e+00
2.068615953413683428e+02,-3.791414030481991517e+02
3.391739465919368399e+02,2.145836433280239248e+02
2.766839171265231698e+02,8.877621949913649360e+02
5.466052517949325420e+02,8.296825611450549331e+01
3.190088364579661970e+02,7.862759268649570004e+02
5.676559374702475225e+02,1.927093645137995281e+02
5.911549143283599506e+02,-2.779373353939897928e+00
1.997427928129356758e+02,9.232348981277685880e+02
3.701004988306580685e+02,1.859802023057625320e+02
1.755296727128305179e+02,4.436963444818972135e+01
5.381017433621944974e+02,2.030466745337641044e+02
1.218426471632402031e+00,2.377418690942898820e+02
-8.092787029829867151e+02,-2.406514660458348942e+02
-1.485857782919127423e+01,-9.231836129269740354e+01
6.058354433342177714e+01,3.477295634662852990e+02
-3.299854930379984097e+01,5.665047310924118165e+02
-1.306663166305696961e+02,4.108934434299131908e+02
-1.441697848295429765e+02,3.537310031236862073e+02
3.302122456423982158e+02,3.416828929034279554e+02
3.954085134443800342e+01,6.604080297342437689e+02
1.506415084580298185e+02,2.136135016552609329e+02
3.431721006803604155e+02,9.355465528371381367e+01
2.807730076081050470e+02,8.270428308441609033e+02
-5.137919740470704255e+01,3.383282824816490120e+02
-2.658098444944682228e+02,4.850733060962958234e+02
5.014097622955014799e+02,1.670217571126672169e+02
-1.460113043011309060e+02,5.023338272930355402e+02
6.124777440979512448e+02,1.218863491876597749e+02
7.891379119276525245e+00,8.347260896847661797e+02
-1.377335929666076026e+02,4.288290744503792666e+02
-9.798435011946953921e+01,4.137550255987683840e+02
-9.705349053707924156e+01,3.961273341479497390e+02
4.994893814397987626e+02,3.587874152525369027e+02
3.771481198763116822e+02,7.589233907016706553e+02
-2.974207091346180505e+02,-2.102089024450478121e+02
9.978774420819271995e+01,9.490542488016073719e+01
4.266255061996828886e+02,3.204134432433282882e+02
3.211832335417617514e+02,2.876958514559900664e+02
1.937247403101268901e+02,-2.055941117004845964e+01
4.091027156039355646e+02,5.933201684601684747e+02
1.715434125712274636e+02,9.586587163135442324e+01
-3.840684631333979837e+02,6.476990005537197703e+02
4.092117366419078053e+02,6.949995719741650646e+02
4.174365182294362171e+02,4.628931592653140825e+01
5.608842636949544840e+02,2.800163221619706633e+02
-3.797144743702011169e+02,5.783061853475752514e+02
3.066026200513991284e+02,4.347772049786065622e+02
1.431061711638536167e+02,4.034723772090056855e+02
-9.631799452516797544e+01,3.667163756383250757e+02
4.568823801044654829e+02,-6.195325361589441400e+02
7.525828706141638804e+02,-4.966010444138914437e+01
6.106555941639951470e+02,-1.960793399702176600e+02
6.208691460189836562e+02,-8.794965459885629855e+01
6.510304416671398258e+02,2.774565991569140522e+01
3.138580158943618130e+02,-7.259348559893203401e+02
2.988506384396581552e+02,-7.876971782749293993e+01
2.510323222432967043e+02,-7.235749786037655440e+02
5.493632437938931616e+02,-5.328253418730832891e+02
-4.124126372722040514e+02,1.832704936173143153e+02
1.761993389059026072e+02,-8.245371381168457674e+02
1.048767915733676830e+02,-5.435825026566062661e+02
1.046386819130550379e+02,-8.961849756931254660e+02
7.060070587710374639e+02,-2.758442235231461837e+02
6.974894058199197389e+02,-2.339583667314640820e+02
1.516811601145125792e+02,-6.437596139216992697e+02
4.201513245657159814e+02,-6.408356360872553523e+02
5.512664220735403120e+01,-7.086653107200805835e+02
3.161078152163406116e+02,-7.361552883297789549e+02
8.708814929683539674e+01,-7.701364532540121672e+02
5.751401471839776605e+02,-3.390028606627156478e+02
3.760466632619541656e+02,-8.367534389326956443e+02
3.032345851407839064e+02,-1.763008568565129224e+02
5.396767708475755398e+02,-5.634614789351400077e+02
5.116443253432807978e+02,-4.758571781578204991e+02
4.660501403437185104e+02,-4.478833922425461083e+02
3.112367023666739101e+02,-5.160183891055147569e+02
5.490312154871990060e+02,-4.425526539637991732e+02
4.836461995131844560e+02,-5.883556074371750810e+02
3.533670600542540683e+02,-5.463426170588967352e+02
5.251137813946146480e+02,-4.191298794550475009e+02
5.224547243390277345e+02,-4.111597472140648506e+02
5.835642226553918590e+02,-3.217112964335503875e+02
3.462623245870233291e+02,-3.177556455625093008e+02
7.158062120973632148e+01,-5.411370494226634946e+02
4.173860923387414346e+01,-7.084961019895322352e+02
2.334695884187596562e+02,-7.243724741698209755e+02
6.923679837861263309e+01,9.344296821135959874e+01
3.232938650393681428e+02,-7.066442703710923752e+02
2.958477828751373409e+02,-7.763093362642299553e+02
5.002593673748750689e+02,-4.957228604869100650e+02
1.910682187002796297e+02,-6.475496378534745645e+02
8.903511136930336534e+01,-7.457338174055322497e+02
3.903160930337117520e+02,-4.493566007119638925e+02
3.454530271687956997e+02,-4.974624148537055248e+02
2.322593416676620279e+02,-4.684601238311115026e+02
4.136985439076050852e+02,-3.622334089156913137e+02
1.571563016092619876e+02,-3.480865844147347161e+02
4.651089077608495472e+02,-4.183905694421241606e+02
4.275735121941605712e+02,-4.877543738580189370e+02
4.195012420998912717e+02,-4.223383389782139261e+02
2.294071098117907752e+02,-7.942896341325302956e+02
2.635430574231995138e+02,-1.915791189038091318e+02
4.281435943787570864e+02,-4.736188779890725300e+02
4.354396893482945643e+02,-1.806399651038563832e+02
5.083817294393463158e+02,7.403548351434781694e+01
-3.403735882419726977e+01,-7.156751106348262965e+02
2.899467517597753954e+02,-4.803667681801348976e+02
5.029182401566227441e+02,5.010351764739365166e+00
3.559634770404312576e+01,-7.496076050726659332e+02
4.071847516338127093e+02,-4.386385139020423480e+02
2.191237496570923327e+02,-6.011494627241070248e+02
5.850405153536945591e+02,1.623932580816084794e+02
2.547091650001752328e+02,-2.547580632200043738e+02
6.557568940540046469e+02,-1.344794780269480725e+02
7.615303537204811164e+02,-1.912651958538864960e+02
3.393594723900554868e+02,-1.038100296765271366e+02
3.076638022320150299e+02,-4.576915206368292388e+02
-4.119831459294333627e+02,-8.671607550395635826e+02
3.527822706133624706e+02,-1.178038508605252410e+01
7.900860922144264578e+02,3.555433277562662511e+02
-2.315933173634055819e+01,-7.327642601181502187e+02
-2.712843754380605787e+02,-4.281623681814373867e+02
2.706704457933576009e+02,-5.396008916301958607e+02
2.510061498551329606e+01,-6.849451004534545291e+02
-1.611155629993037621e+02,-7.913635203788443278e+02
8.271778465985219100e+02,-3.131722303475469857e+02
-7.474066635337446485e+01,-6.678400337170019156e+02
-4.622384554498115108e+02,-9.809914414841300641e+02
1.002038815653587278e+02,-6.813455405262733393e+02
-2.509242386897397523e+02,-7.806655720518311909e+02
9.044199428192072787e+01,-5.819880477083393089e+02
2.403209291552471072e+01,-2.717953217988139158e+02
-2.697089234192221170e+02,-8.328861805929726643e+02
1.214783570388590448e+02,-5.859103070946841854e+02
1.370731746938760693e+02,-8.730426728349921177e+02
3.214591480791307276e+02,-7.520645840219808633e+02
6.634689436901682029e+02,-9.638117043929626959e+01
-1.661360493682062156e+02,-7.759682097440274902e+02
3.631789226348692523e+02,-3.808455759501332523e+02
7.620623296743369792e+02,-6.129313797895846072e+00
-1.696149339017598834e+02,-8.291811407747683234e+02
6.978874562881821930e+02,-1.466904074864968095e+02
-1.123292917461072193e+03,-1.271119276072035404e+02
-1.783956712967386977e+02,-6.867076862157283585e+02
-6.056261759498260062e+02,-9.366924392744872421e+02
2.122691133019154961e+02,-5.630424965469687777e+02
-4.073326708703136489e+01,-8.884772588798888364e+02
1.399140361740982996e+02,-1.164736743230553984e+01
6.240319237913661254e+02,-2.233438099640316921e+02
